11 62 0.5954015761682819
85 49 0.8766988622902764
13 77 0.1323182086593078
26 11 0.2279237056562821
61 95 1.0995366327568834
90 32 0.5861508707948535
27 64 0.14504575470299222
65 40 0.3671948955881509
2 72 0.833068198180795
25 55 0.501303275057464
78 41 0.5008463579649977
81 89 0.4819854211225376
96 84 0.9801269029262633
17 34 0.6407472742694181
84 7 0.6807702736483036
41 51 0.6627388117188345
89 70 1.0183798197199934
49 82 1.0638048315247104
22 37 1.0469897537862443
82 97 0.5389860200321024
32 72 0.3732134281081464
54 23 0.7970594427221752
23 81 0.7037141574287082
79 63 0.535396980123595
37 71 0.261345734807524
67 77 1.0986764633192363
22 78 0.697384593764924
68 83 0.9421715491420586
74 0 0.5051841982443567
12 51 0.5061068098781794
46 32 0.23750002305759746
49 0 0.5098852706905471
19 80 0.14096887202565814
48 36 0.7442551076915422
42 20 0.5961134086627449
2 95 0.12584604631667043
34 58 0.5333598850343155
28 33 1.0459974342546117
60 64 0.24885932932487623
4 4 0.9743344544775232
55 31 0.6765091861231098
93 78 0.4809564462027448
80 97 1.0443501591534403
2 1 0.4529156002461532
97 96 1.0250140777227532
84 66 0.7789269802984384
91 13 0.5400373735216965
8 75 0.9693782046756765
15 81 0.5094518830617357
57 16 0.9701678877646543
81 4 0.35531219377735335
86 39 0.7215013030137571
12 77 0.2222100868664986
41 47 0.8367515026956385
41 62 1.0740499828058383
87 28 0.9520187386377255
14 40 0.6370918374586796
96 96 0.35113367455727684
55 40 1.027103648690663
85 35 0.16406668483886713
57 0 1.0186261040824152
56 55 0.7934499418521891
5 53 0.7553944686159292
84 6 0.1342961653037608
48 72 0.48172863734788407
81 24 0.2196673968199402
77 95 0.6954823597855982
95 83 0.3411293893282855
42 85 0.9731028997907004
79 58 0.9167590145302755
55 91 0.9881124569806942
15 11 0.39425179970707935
81 84 0.6331035624941928
8 50 0.1600217746429026
65 23 0.3083494946086842
79 44 0.10158912810095747
33 81 0.582112506592756
6 67 0.6605461057884959
68 55 0.31778875507229676
15 29 0.7233792612089098
45 55 0.2267675244356673
7 36 0.5537382251266579
42 71 0.76300146819348
27 73 1.0709293626092145
98 45 0.7706070418923032
72 70 0.5756734180654166
92 97 0.26470953005017606
98 47 0.7124014762992295
22 16 0.5715848501708799
6 0 0.28120648371654
40 65 0.2649923681320372
84 18 0.25864109021137216
73 75 0.22358442840597362
29 52 0.5547392351534818
97 56 0.6582084744235491
66 91 0.11076953335762099
23 55 0.12850231793865077
2 48 0.6936513674029364
23 84 0.39454360934112254
51 90 0.5726391039310015
62 38 0.7344691443223784
11 48 0.4496886135118294
14 31 0.7552738766974092
41 17 0.3603041047590807
33 44 0.9130704407665324
23 1 0.5159238077317785
36 25 0.7909957355783502
34 16 0.5920773476216384
14 12 0.3622265784822638
48 89 1.0977295860507497
24 88 0.9649133804354463
74 10 0.29587200623380916
48 15 0.1625288494225561
54 2 0.1217593338026273
35 78 0.6225640960760939
100 0 0.5803099854781982
19 14 0.1402597833144307
84 96 0.9660570421767564
27 64 0.22377292866381207
92 36 0.49142065197123486
58 42 0.6419106739157658
90 45 0.754218047714162
47 98 0.6054251038073543
36 97 0.33234383397620293
38 58 0.9535095127221641
9 74 0.5058728727673089
60 31 0.7591771639054533
44 52 0.5071371155595357
64 98 0.6743071563557678
18 76 0.6190731832614131
86 72 0.12534148792209857
19 1 0.7809446301724967
33 54 1.0705101160737813
96 15 0.9571319642586512
89 82 0.8822810566008655
84 65 0.7629371333571368
69 84 0.28105002791403155
4 86 0.32765013261229237
57 14 0.8290753691570152
87 100 0.9470793022142958
5 69 0.5413732664945405
47 39 0.2151666663012596
32 5 0.9437790855009794
12 96 0.9039050072384565
21 24 0.5186294366523958
24 3 0.7969584802866412
9 1 0.12286437358591565
3 49 0.6101707673254664
56 4 0.6259895680788782
27 94 0.7971984177178194
30 39 0.7402679226527785
86 57 0.39956902966807994
79 85 0.5672938176149104
27 16 0.731681586680632
59 99 0.29913961189994287
72 3 0.7179385315953425
29 58 0.1107782023585471
13 67 0.26249057625592176
93 85 0.22114764948356117
64 98 0.3519115060969943
90 38 0.6482412312965898
94 64 0.12438040571282619
67 76 0.3583168593600019
75 9 0.16462050193516067
92 76 1.0764739850540532
88 42 0.5121612515478916
28 60 0.11120570776812225
89 99 0.62962415225339
44 28 0.7860023848371166
3 45 0.934650573797435
79 56 0.7560406589210725
70 30 1.019850975185213
2 27 0.928772024682019
75 60 0.8342247878512873
13 95 0.7358263945466552
54 93 0.7925477745311319
98 7 1.0962155739290196
9 46 1.0255266021121723
88 78 0.911113835932467
13 46 0.5160989902888388
98 36 1.0627973954587864
83 53 0.6069666399910059
78 82 1.024584448477839
70 73 0.590931858359125
74 3 0.9178420719234175
48 58 0.37849160755558797
71 99 0.2467114867783318
96 48 0.5847242087116266
46 51 0.8716880943830092
73 32 0.47822064008806064
36 54 0.7724161392589458
97 4 0.6091234173634612
65 13 0.9728771093426603
40 85 0.9008072911513539
25 25 1.0337388772635225
49 100 0.2315468441857376
89 78 0.7813081083289611
67 60 0.4131526705999937
55 9 0.538066756462972
72 54 0.9083649464309983
40 79 0.2832022120865618
22 16 0.9790166062076024
46 78 0.3598549130887432
77 18 0.7493323837265734
14 74 0.6425867881649521
47 70 0.5660536543257374
93 5 0.9189750498648364
32 39 0.30511497402596843
63 98 0.27524072168898595
64 68 0.9361057484134134
18 5 0.7950573683435295
7 20 0.33896381612516213
90 94 0.2276975417119638
41 23 0.4565719630728349
89 78 0.3325182433979481
10 72 1.094301891539693
3 77 1.0076128818499004
88 39 0.6454957714306491
96 97 0.4738632607768243
52 84 0.8384253776206771
81 47 0.22631927415605793
25 77 1.0431332772391837
66 65 0.5578959223486164
92 91 0.20960584795681583
32 7 0.5843915793177142
50 84 0.45122334550934573
38 70 0.8331392248730843
19 41 0.80580110263886
53 6 0.27088608478437737
33 82 0.7807551703370377
44 34 0.18304790304492471
45 40 0.3745238955655068
37 59 0.8315034369015705
25 45 0.46018906875977517
89 75 0.3295916445669702
64 95 0.12756845915212503
82 69 1.0676947545376425
23 63 0.2953780549724522
95 64 0.9179800233036008
3 83 0.6000695258468131
100 99 1.0653593754888668
49 63 0.7713971325682809
93 11 0.6363211044316801
50 100 0.933659201715027
36 89 0.24997893162021836
7 80 0.13317975063046608
62 56 0.20615092996538179
13 22 0.6691791023219705
8 7 0.23077499733121523
51 35 0.1647455305692437
91 57 0.24702544770245963
0 56 1.0373683982307345
17 80 0.8036031584279246
81 32 0.40475524714776334
87 95 0.6011119217554312
89 24 0.515308162141861
59 43 0.28059702003092624
75 7 0.22795495912424782
1 88 0.7835693758652865
68 47 0.49880624635040083
6 84 0.33125731592885166
12 65 0.789740418987206
28 7 0.42431357893972244
85 64 0.937769017437111
85 56 0.1540907399469296
54 99 0.8028916925277201
67 54 0.6442948309241493
39 100 0.6066109597796492
61 92 0.18409244923524118
92 88 0.9800045363634404
8 47 0.32299868287005684
19 36 0.363880758578509
75 21 0.4758279701311312
71 11 0.38027156420166985
66 48 0.8999494059026971
35 1 0.4737856709294527
21 6 0.42473654487970824
99 6 0.18960096812706875
1 77 0.4449038467958286
77 51 0.24538105896973242
12 85 0.5515390244373902
1 7 0.9392082594264075
20 24 1.0545954854844108
47 83 0.7717281900831872
96 40 0.21564782957579456
94 58 0.604987364703468
9 89 0.17850186273901505
8 38 0.7440538175397259
30 4 0.25379041077365416
15 93 0.7339211441795526
65 2 1.0908300230861285
25 93 0.5927977197984268
96 78 0.46005189126197665
0 76 0.6306954523172992
17 52 0.2661008754779318
72 51 0.3320544373758537
91 76 0.45749792325739735
7 50 0.8642914841362987
94 31 0.6928181852296114
5 77 0.9605816126487935
