16 98 0.683586335771207
33 77 0.14148992151926246
94 12 0.6740448054938443
37 36 0.5056401067792115
48 66 0.5595117212740243
86 57 0.2832859811588193
22 51 0.8252546050180501
83 65 0.11841192075157594
33 98 1.0286002907248184
73 31 0.3094976410951633
75 83 0.3144302228478987
61 6 0.4053348815602066
42 8 0.6342213567412197
46 64 0.35228658655822154
35 71 0.16606404982240633
20 85 0.651924773705869
9 50 0.6538967974055987
46 50 0.47384611597505
78 11 0.6928722169308762
46 8 1.0869129645403384
40 42 1.0238846625138012
30 20 0.8329150920412052
42 54 0.6128672288313513
73 87 0.39604754138880527
74 46 0.19404948710074113
44 99 0.4018718183110571
15 9 0.36831187986472347
41 38 0.9194450013168209
16 28 0.3351167919784591
32 1 0.5415773195356991
1 6 0.4404561551813714
68 21 0.22699580899746344
56 57 0.7820826597972351
7 35 0.3357472234349703
38 10 0.36630763696870183
78 94 0.9822777818985081
52 62 0.4827740732516451
81 17 0.8498753505287184
87 13 0.8038494969954428
27 8 0.6271193720272473
16 6 0.6733425944407447
30 71 0.6269214928850774
77 39 1.0236422431397527
1 25 0.2792735913096289
90 85 0.7343549243142408
65 41 0.5005909781767248
24 47 0.8245334862796243
40 10 0.6236435273542318
53 47 0.8928320093843579
0 0 0.5225354652436447
43 52 0.15734647158166618
100 89 0.8061828031291767
9 3 0.1382026481106893
34 59 1.0880986918764328
12 34 0.8425911899940917
91 7 0.8992229068060767
89 32 0.2568342448632649
71 26 0.686293775285984
2 27 0.22483971772954184
56 53 0.624964798005532
81 86 0.8852165166171138
48 36 1.0359026686194308
56 57 0.9661522121359463
89 48 0.9987625377463017
89 21 0.2601655467682946
57 78 0.41163994606355847
66 14 0.9550584857348959
9 95 0.709076396264417
79 29 0.2990409293015758
91 12 0.17353269807807195
28 6 1.0697009537940805
22 45 0.909836458020287
22 7 0.7154533657988925
32 78 0.474990729224848
22 80 0.6118825047598337
30 63 1.041859435372028
7 42 0.5477929318277733
92 61 0.5824514453197023
93 89 0.7457724326124751
66 52 0.3349398082917836
14 66 1.0480325154904075
28 84 0.4748459980341213
97 93 0.48705328409028403
17 68 0.6631502184406679
88 64 0.4069914085029629
34 53 0.8868746939986605
94 93 0.8135141483216326
99 28 0.9455963004818922
0 90 0.6442451082757166
66 63 0.23909122542095954
30 51 0.4599486723474139
31 31 1.0205017698461325
95 81 0.8268793459188418
71 71 0.24261866018172187
42 34 0.993127006491848
15 46 0.6947546986401527
33 44 0.22839536964738774
85 61 0.21725050516438374
21 35 0.6932299866179198
49 44 1.0581841240515646
9 49 0.7891840124042007
79 9 0.8322791377167248
69 64 1.082995012366565
41 4 0.37329076327728794
95 28 0.828877836362991
21 51 0.2065861059500356
60 97 0.8101416074254474
43 28 0.45228508729912387
34 91 0.931322751988717
100 24 1.0821442930795533
42 50 0.5299122090633774
99 28 0.8664702791136061
64 95 0.9026270892235976
87 84 0.8683416819281585
27 59 0.219715432255472
60 76 0.32843753626043926
53 18 1.0669311676625115
89 97 0.8759519392020196
47 1 0.8926191582602676
93 7 0.95405206332568
41 36 0.6325128136280413
98 94 0.6265892906776032
67 14 0.2070269970802723
50 48 0.3718529764606344
5 24 0.17093031492422353
14 69 0.7162595976329968
31 7 0.7069322358365112
78 37 0.8084046714603879
31 3 0.8431712762477935
12 66 0.19554244737328078
85 17 0.9477269472464674
48 31 0.2630963680388616
59 74 0.9279309809390727
89 31 1.0700689452915806
17 46 0.7143638206871392
35 60 0.9253307490926987
36 34 1.0811239821975753
25 33 0.3743661890144615
86 63 0.14798295732500302
55 82 0.14652464034675353
13 81 0.35342538262967205
55 96 0.5505544481182595
1 68 0.7868281553570249
30 79 0.16746518133255076
25 7 0.41328733850527566
79 12 0.5828430403182643
77 16 0.26687661698656384
62 65 0.4196748237161525
84 77 0.9754055570550876
0 6 0.29152738099284414
73 62 0.22313106957586762
96 51 1.0028172617919733
8 2 0.2338298840153488
76 78 0.7018139717732033
95 91 0.7521680020419667
64 3 0.25809211022269185
67 87 0.714605322622203
28 61 0.5172585869679897
54 61 0.692836956171281
53 56 1.0158467731915952
68 56 0.9994748027779046
28 31 0.15176414058678303
75 28 0.18513747057294785
16 30 0.98983594607377
63 87 0.9961162040831395
72 72 0.3391362515120686
83 47 0.566163542979096
48 94 0.9080738240766943
70 87 0.3946131109050004
10 70 0.4411851924436432
60 20 0.2878121938996371
0 60 0.9305084932333897
61 23 0.9575020317171512
92 0 0.20237669212487377
19 36 0.8101620695305152
97 95 0.12280632643086845
100 30 0.6542057549454668
66 99 0.30749883921222654
60 24 0.7601645156700759
1 39 0.9642943495136256
72 42 0.5728095073105387
96 43 1.0216294090315674
35 100 0.4555870142389036
15 7 0.7957706065993834
36 97 0.8569637575031029
24 91 0.4950074931274615
42 70 1.0611016997461198
39 82 0.49012076926466186
26 0 0.6736044989336881
63 16 0.6193667991466026
82 10 0.940306624412376
75 61 0.29430275310888
99 12 0.8408362272292548
56 82 0.9765891062670607
92 34 1.0463034346345954
35 57 0.5054439998985283
15 81 0.9582245173570015
37 70 0.8829169204375288
25 89 0.37709708800242736
56 20 1.0815131008251382
86 40 0.6316213580782684
16 11 1.0033136852186595
72 23 0.6577952192749859
55 18 0.5045373167044787
8 47 0.8219229539438072
65 74 0.30268001018964785
88 1 0.638701661500814
60 4 1.0668972973427044
70 29 0.411479324236414
29 95 0.6791307388885474
92 32 1.0495799751801005
81 51 0.1034874841719007
85 3 0.9933480372762026
47 2 0.6576562692138793
67 39 0.35984875156601615
58 80 0.47271012050204597
95 39 0.44051933498683193
55 9 0.5815019557629462
78 97 0.8496384897229777
98 62 0.2502124969185735
22 82 1.0520252319384598
94 90 0.8730625694721819
36 84 0.8477496292136235
58 89 0.44378225446458786
67 27 0.2574243797716075
61 48 0.8590479222101209
59 42 0.34870545449993284
18 69 0.3153258947553762
28 90 0.3646817007071389
65 95 0.8517534780768028
65 59 0.26942923969062904
11 2 0.5456465534921954
85 85 0.51399412543851
20 69 0.2560239760130447
67 90 0.34086141810923576
48 19 1.0690902305127208
82 63 0.8336511124959585
51 100 0.6834600452192463
91 73 0.26758735969260106
83 54 0.8060349492786162
8 43 0.41347883800968266
29 38 0.4952267024116286
33 57 0.999898658714341
18 90 1.0082845695211196
53 5 1.0981806563470942
57 8 0.9763150735764
35 84 0.8667218240108502
47 5 0.8697390204010006
5 41 0.2508646829596245
41 42 0.8439876957574233
98 99 0.4260723566783796
31 7 0.42622838058640145
42 100 0.15708344809727873
36 68 1.003099523420655
98 38 1.0738401164490365
42 53 0.1980506909947514
63 22 0.24934625113281575
80 65 0.3123526946746853
12 42 0.173763095837867
22 50 0.547543206911611
63 77 1.081136948095748
17 36 1.0833561509116054
33 82 0.5124710927224511
19 4 1.0459619999434207
32 10 0.7367340101476857
82 94 0.34786694521636763
49 88 0.37932263760887897
34 10 0.2817058045566003
24 39 0.7540720831085522
11 69 0.1483587454369573
48 60 0.48500981859141046
13 48 0.5264326122843631
9 78 0.867949238026074
5 65 0.8042859120501927
5 32 0.70453037301965
61 96 0.7818339008186471
43 84 0.8719078421654348
3 33 0.5541232036004543
69 31 0.6252723012779066
15 83 0.1806087714482433
80 25 0.9685822654665401
42 96 0.9647438006201563
45 11 0.7042971151694112
94 43 0.8383143368713099
26 37 0.27971253248334593
19 53 0.6247158305279636
4 51 0.16879049740651544
94 69 0.7452292170453458
4 40 1.0363403264823927
44 57 0.5275724023353514
27 53 0.7569884917443176
18 28 0.7545847348186596
24 11 1.0626985959801818
68 90 0.6698237066928042
96 15 0.19573241509638242
88 70 0.7831913135330411
93 6 0.8602868931534511
74 61 0.8687029266419476
43 28 0.8262483791990607
61 51 0.4717752702990363
100 65 0.5396233416893874
60 60 1.0066528288274346
51 36 0.8201965106383354
9 62 0.5989391986306998
46 81 0.7482420405999749
60 85 0.15652910555804248
51 68 0.31772387190900486
83 94 0.34036727129864675
31 19 0.10252074396678515
9 58 0.6952915938883734
96 79 0.7416571791190185
97 89 0.46731978756650006
95 84 0.7109897231728547
2 73 0.4834307832637852
73 49 0.7645367966270619
28 89 0.16881827269573216
65 4 0.5669996714780758
89 98 0.938267188346303
33 96 1.0103631040554646
89 47 0.8884444743098503
58 76 0.35789059972619275
13 45 1.0098716386238282
64 60 0.8124787458494108
70 71 0.826869799799524
57 18 0.21902169329219826
36 17 0.10870458781818651
89 30 0.7986392710244531
80 71 0.1929390348471466
45 6 0.7538093377177231
88 34 0.9816106017620011
38 92 0.3085162926220477
8 26 0.9910916645275527
88 86 1.056588089548764
35 84 0.2998762856097561
22 4 0.3113919983270642
16 52 0.23377936822987702
33 81 0.277533104314613
44 78 0.699551256517019
48 1 0.2620563499774752
81 9 0.45751520369225185
76 94 0.5651545921891566
39 39 0.9324855969094951
76 3 0.4544768981140487
66 19 0.4121482794228738
8 39 0.67467218587722
36 50 0.2583285397350201
67 76 0.9705963040656296
45 83 0.1130216574568739
33 28 0.15415444948458848
24 92 0.9263374715576626
8 74 0.22789515489859416
35 100 1.0111308869865545
10 91 0.189722594463177
33 17 0.5414435385992009
31 58 0.45889002934703294
21 80 0.21763568391064117
51 93 0.23375587933095412
40 34 0.10368450238235119
11 23 0.561046666182715
70 8 0.9047709968198879
29 42 0.26432081030844545
39 6 0.8152645027408845
76 55 0.8483455575038876
21 42 0.41130828399618313
57 6 0.7301871727191073
49 83 0.14695989952271407
52 95 0.32180858249939714
56 54 0.2561738473250753
11 76 0.14290566669469476
62 37 0.57018475476579
89 70 0.6511624283898071
22 58 0.9060463163895103
18 41 0.3669576512277899
95 10 0.7901430766305125
86 54 0.6762829401248072
44 89 0.15120565888380647
99 85 0.9574140230115957
79 86 0.2267343787041555
60 41 0.9905963264760118
8 93 0.14719371876970802
88 68 1.0786585301097267
95 18 0.4117251487384871
93 1 0.7549701187714936
89 98 0.3011309771762246
55 25 1.028334129917289
49 23 0.5371474832786137
76 35 1.0943929544681004
98 71 0.3072208376485811
60 80 0.41579610800320865
74 4 0.2160920037958425
99 39 0.5160593086206274
84 52 0.4056783227957096
0 9 0.20838907540227672
92 5 0.14838367457454152
91 85 0.28496517356941364
0 11 0.7982774461582797
63 82 0.2871964919712472
82 18 0.48644832073037747
65 94 0.9267288239173507
87 90 0.7485241827443263
66 61 0.949075332398882
68 40 0.746496329709108
59 6 0.997877097054427
69 37 0.7435278580718777
18 65 0.9735736010697181
99 91 0.14190174586219265
70 8 0.6876159889563795
29 79 1.087493713512835
42 53 0.11724412661986042
19 83 0.2846546022624501
81 92 0.4126251218136091
83 34 0.23689946727451164
9 57 0.4671989405846697
55 87 0.1272215605142615
3 34 0.12536655147681977
15 95 0.3125195097363168
51 41 0.25457188305642064
10 73 0.3207810306416249
49 38 0.2891319244070697
91 48 0.7184980762533355
6 41 0.5019359187988113
72 63 0.7138945640345268
96 42 1.022304045138321
8 93 1.0633050104340025
56 2 0.28985758963203867
37 38 0.39192606825541465
61 53 1.0336572642355146
93 54 0.8318108234361983
60 4 0.603882612377077
33 15 0.5912068450502134
68 62 0.5585959709501852
85 32 0.10698451284158408
33 53 0.13791971112985427
22 1 0.9847646284389739
82 45 0.41951216260345614
62 16 0.6990659205562219
96 35 0.3978697762221418
94 2 0.7728983726370126
46 98 0.8922013824192971
0 21 0.1684999584909155
71 50 0.3675659986841382
44 54 0.5798186212800482
15 59 0.2656211481705921
86 54 0.5110255099263508
23 30 0.16236470054187083
0 45 0.37987543561843284
35 94 0.632669849457754
30 8 0.1127958627498458
66 90 0.77127872346268
95 87 0.7600931677376881
10 75 0.27597825114105534
2 28 0.43673684503634513
2 72 0.7379340442454995
95 54 0.31897307312004397
1 58 0.11754244374683401
31 68 0.3160804017249469
13 82 0.4471866343503792
28 48 1.036816042926242
82 21 0.8408330417405359
66 31 0.49671598778635007
31 95 0.23253505320052295
71 10 0.3268768320361348
38 53 0.694245808503635
77 1 0.17307427698885283
23 13 0.31295908184476273
63 5 0.1923156441675661
39 8 0.3531966398540155
33 92 0.38136579579555707
85 74 0.3980232254180577
16 54 0.7122944929737753
10 46 0.8350319475604485
58 40 0.7632615042630739
62 70 0.39957798221763197
37 62 0.2287710514369077
35 92 0.9402366172097272
24 28 0.8742271772682544
2 5 0.9804319067035646
92 41 0.3579768600569838
6 61 0.22338055064094978
86 61 0.9594361781559062
80 83 0.9739373963108149
93 60 1.0100735394631386
14 98 0.26740980701945183
70 91 0.9985491324571045
83 65 0.43919710527982536
5 64 0.17935043618723603
69 50 0.6399723725643541
19 93 0.10508140859651574
81 14 0.2373918882714581
10 2 0.9991973883303626
61 15 1.0192511799861315
73 42 0.8482913458221558
88 27 0.8202172864524776
69 90 0.10449093407765267
45 65 0.7592063229478853
10 79 0.6577139350756099
71 25 0.5364260724708977
57 29 0.25790809820107163
89 33 0.6244941137781527
31 18 0.7948019495663159
88 25 0.3986310113313071
52 26 0.6512164921090406
47 60 0.10736601377708702
60 21 0.8063404922028943
51 33 0.5307622696570025
18 82 0.5564963621941251
44 55 1.0815689704879994
67 0 0.4010097190034555
27 40 0.6551061023610667
100 93 0.17622813590582612
81 77 0.5977549539500858
4 52 0.21264742152646524
35 30 0.323470226226246
97 14 0.42798278643250576
72 16 1.007078039562993
99 33 0.3315621799086317
1 9 0.610422612643514
15 100 0.6117972923900776
72 99 1.0107126051376234
14 69 0.8631741463983341
60 22 0.4099835678111001
77 69 0.49621360539625403
64 49 0.7255509153330914
64 19 0.839306327620577
50 19 0.1483828426381915
5 98 0.258700382923579
52 43 0.559574837700949
72 66 0.5247025752049006
48 93 1.026820132089659
31 22 1.025953850030072
4 84 0.6206927977874017
97 41 0.9203425064680612
35 72 0.5989362746215794
62 88 0.8320621316271931
62 74 0.7311596421669563
61 82 1.0263348650091926
58 72 0.44529219874472314
48 86 0.5394864180476535
65 96 0.290285652939147
27 47 0.8409842720333212
87 23 0.1694251789684074
25 5 0.5527727616847814
27 81 0.23731577343554747
83 45 0.6929707342341502
60 89 0.25353159972082195
1 74 0.23747545328000944
1 32 0.16176554773946109
3 3 0.421558663763277
48 11 0.4973982485700905
95 46 0.8278812412586266
95 17 0.8769822347770078
71 90 0.5655052369077767
41 53 0.4430740157973735
25 27 0.22767459138268134
88 68 0.7483435747588818
90 88 1.0210983675901193
20 8 0.4647394725648242
92 20 0.5457651093605544
68 29 0.14385521739807974
76 53 0.5535501710416046
67 44 0.13497966677562825
4 24 0.3054964430143472
4 12 0.6503031475136986
94 75 0.7184410098248076
13 71 0.5952180041020684
54 13 0.5789571929300835
37 13 0.2520309846870412
31 20 0.907440189502172
40 12 0.617083355453449
59 53 0.7846135796828784
98 23 0.6606922626786503
87 80 0.3803811382747353
28 86 0.9488722757200454
88 11 0.3071421631047673
57 93 0.8877179597389655
99 79 0.12886847439819485
63 9 0.43328745394272594
20 11 0.6514441777981114
30 73 0.3816323796257126
65 75 0.4032113650239556
8 83 0.6766318836579273
36 56 0.5506143615315325
65 35 0.9775492308326406
33 30 0.5501728543607216
100 29 0.23988765960470107
79 48 0.7766137652697962
64 59 0.892262611575735
85 89 0.24564530847450985
70 12 0.11343714938653551
26 36 1.0746582663807789
68 86 0.2629804096063497
33 49 0.9153188869618482
82 29 0.4115660481689827
100 7 0.5483901773807944
24 65 0.6538693691079869
9 24 0.700845838181211
66 68 0.8748447079926523
32 56 0.33225456643077544
15 11 0.622259438847736
23 25 1.071489686280118
