84 88 0.8445405380188364
25 15 0.7998553782947797
72 65 1.0708147510654134
88 79 1.0420583776680739
22 82 0.5363385412991745
14 26 0.32375171895747923
86 47 0.9403724183232692
1 23 0.8736941229867649
98 42 1.0819024991891002
70 74 0.6254061296346248
87 67 0.7412657540862011
10 1 0.6041439394118264
55 45 0.7394638946061982
12 46 0.7807448187131102
85 0 1.093652311037725
65 46 0.9081187043075122
96 100 0.5966879896898248
17 18 0.12089914640599023
47 68 0.15609781414782622
69 54 0.3006660899370026
20 23 0.11798100272969839
2 12 0.8095349886718902
83 51 0.2615091449086969
75 93 0.363974943580581
84 72 1.0340745127037043
24 39 0.43356044407364347
71 73 0.1858038618580107
40 79 1.0922422632610072
23 29 0.5406810100339919
84 90 0.5781706379595125
73 48 1.068604357677599
87 45 0.8729539938039358
15 92 0.41633393930568097
88 60 0.2629269103398768
99 58 0.6307377455555948
30 93 0.48383599680211253
56 63 0.46366797640353796
95 6 0.653319737477022
29 48 0.44766554046506624
18 7 0.5703964246978277
92 28 0.8551127322031337
13 83 0.32956309395078265
39 56 0.6778283972494678
12 20 0.47072047405808104
50 18 0.9969548764245632
49 68 0.21023273804849665
57 43 0.6891245503173772
86 16 0.28366394615402013
51 13 0.5920560864037475
76 4 0.2396685787222728
24 88 0.9025616681780041
99 74 0.7640720479468018
33 15 0.8503488363216256
31 65 0.23629684546641108
0 56 1.0148552051786741
87 49 0.5062663600315793
95 94 0.4428577908928043
55 45 1.032748020288906
59 13 0.8728250597764287
48 48 0.7182820765594338
5 16 0.7520075545187683
66 77 0.36248123827539436
86 83 0.8274074121387174
12 80 0.49682374835532117
59 18 0.667618516323005
72 56 0.47376171752168006
3 20 0.29397730810949263
8 61 0.3008229009390636
49 81 0.8073471738346301
0 44 0.530412752468505
80 0 0.5150208801821626
39 12 0.3924065845173752
1 79 0.2906028974954651
50 99 0.5305196516786389
50 61 0.45257975072344836
24 100 0.5672549958094282
25 63 0.1622552626560573
28 10 0.7593439059916789
48 15 1.0729643887806004
3 22 0.5631043952185408
56 15 0.7528382975532779
25 27 0.5645055664208334
59 4 0.8668794948614782
54 44 0.379800237213923
31 13 0.5362611024853748
23 90 0.3994279848086083
20 4 0.5021603127964832
39 83 0.9537324259620016
67 51 0.776840528773572
26 85 0.27235767895549434
18 1 0.6987809445551988
97 100 0.2946662209145401
17 42 0.13474779746396107
95 14 0.5938753178143399
81 16 0.8078853878273898
29 72 0.14176714339545196
69 48 0.48737720766893755
42 69 0.6241039453643922
27 16 0.4800558950789827
54 58 0.1088067150784893
89 42 0.47778180056530795
74 57 0.31290899167097763
94 76 0.7306017429469064
26 73 0.2656671159514886
25 99 0.8335856501054645
1 43 1.0214897814751274
13 100 0.5460093843325433
71 4 1.0095704962205256
80 30 0.5273275188975955
93 93 0.7509922800918121
34 9 0.11113745160537639
42 61 0.9927614751149993
23 9 0.8790130845246126
64 31 0.9146314739429523
0 81 0.6616686986156252
73 40 0.41165507719463323
45 7 0.373001995179318
78 15 0.5855539748710306
60 76 0.12523786320113164
95 87 0.13128347787571817
63 89 0.711594653393945
87 79 0.4483100367454207
4 55 1.0872708814252106
18 85 0.6953526417341483
1 71 0.5960483148622223
55 89 0.9868224583040369
76 99 0.777047211269644
11 6 0.6808618412364842
67 54 0.2745735509185233
71 36 1.0128874810573734
5 4 0.4510479334860683
78 67 0.32607383305381865
54 42 0.1684391689716335
0 83 1.0218043506935066
18 36 0.6520393135097062
39 83 0.6742755544766279
86 25 0.8065559897278729
74 87 0.38338982400507915
59 42 0.27976655957657026
80 42 0.8615148779835967
24 27 0.15380721825654078
10 92 0.45902496803849324
29 78 0.11489205498636326
70 68 0.5375262473227538
28 91 0.5442692257375649
38 27 1.0992713929143632
82 97 0.44849065626521856
84 93 0.11881426818441135
68 81 0.33074026221855835
60 4 0.7006878273920321
72 47 1.0409138323475766
9 26 0.7792712808005677
92 93 0.1630662984267003
36 56 0.875673506112219
87 66 0.3585775834416042
57 46 0.1382954910078841
75 100 0.29481216957869494
40 22 0.11018150589153722
62 80 0.9480607093017376
48 7 0.9617914200151862
28 8 0.24414031206916734
2 14 0.8134190942182836
70 37 1.000919328672675
12 8 0.9857232135880073
31 19 0.7751250354479378
5 56 0.6288942502608428
21 43 1.092342850828566
40 44 0.9648051452589287
63 27 0.5659029230238566
96 64 0.8724341399463841
28 37 0.9539377430332503
40 63 1.0137996304309589
49 60 0.4178001284983799
17 47 0.1849359322658062
92 69 0.31024541203714484
100 21 0.32708613088497906
5 32 1.0053790545643257
63 19 0.4087593698126748
77 27 0.559268280202007
72 70 0.6465525461927659
90 41 0.2580553724552108
46 3 0.5776297966450449
97 10 0.8014525064173305
83 38 0.299251095485608
96 1 0.11893842059966522
90 98 0.2655593653030195
46 55 0.2674935750160118
30 94 0.7709472330384952
64 7 0.37921795828358684
32 28 0.3377974438692273
90 97 1.046514546191867
70 56 0.4986345594713798
35 16 0.5446668375673344
38 69 0.15772183122484976
60 82 0.26671449057357155
69 33 0.5255091662527728
43 100 0.24454970377387522
80 41 0.1311089986777432
8 62 0.6727932310820974
73 43 0.41451100101151184
