41 4 0.916977345662754
12 76 0.44170250000682987
81 67 0.8061137731995368
38 43 0.508578237820312
16 91 1.030670183368634
75 95 0.4641710185191885
99 94 0.5680184961098919
96 9 0.5955687896949834
11 5 0.7429670461903211
7 42 0.448033601008329
43 91 0.32501610033919903
67 52 0.13132998789662512
21 59 0.8291739255535204
86 78 0.8095333713259913
62 63 1.0043953188575359
50 79 0.4884737672084777
65 16 0.6004983392742841
96 76 0.5599371673609923
93 77 0.4668057518321861
85 18 0.7733787863261365
66 31 0.30067627214501114
11 37 0.6452676561901097
82 36 0.24821179237043448
93 43 0.6932797998451384
1 68 0.8104961751285319
78 37 1.009082282669947
72 96 1.06228680799679
82 59 0.5267437090194016
21 46 0.8353747251382825
11 14 1.08876871776816
87 7 0.2306239311764086
70 46 1.0437804072566976
45 65 0.2886989213226203
83 50 0.478898960405327
25 40 1.0390635497492777
65 31 0.15909657372661193
77 68 0.6383145092618219
29 50 1.042031394785765
70 79 1.0096474000404918
22 75 0.5020282323200681
60 95 0.3138667472822415
98 86 0.7437835901955419
74 28 0.6382920358438169
4 25 0.5140764363335226
65 88 1.0471473912011366
26 4 0.418628069646087
17 51 0.41548261177302326
22 87 0.9029966233462119
24 58 0.10819735359116991
53 57 0.5851840216049876
0 93 0.972860271444178
64 14 0.35675578878365877
41 97 0.6193092372519803
64 97 0.7912214187347676
41 99 0.87361489561231
74 68 0.7539684230792325
24 98 0.5093460456465638
25 62 1.0626728084634642
71 26 0.5894460226779304
36 31 0.545803760445174
68 66 0.980059845742123
9 84 0.6876930046733111
42 62 0.5202167827793946
10 64 0.3900527300220633
61 65 1.0495036400259778
65 96 0.3923510315353115
9 49 0.40729272444378795
93 29 0.35854108193252465
70 4 0.28890787338814494
15 50 0.13269426880096516
56 82 1.0546107194827024
96 16 1.0052216527706828
69 34 0.22681254101711626
14 62 0.5073628141872282
63 66 1.067334725998801
64 65 0.9223117165547843
17 51 0.6340476105228166
58 44 0.7193998016460187
32 96 0.6833904473290924
44 46 0.9854870190001086
87 42 0.5929892094566327
79 85 0.25343545022128966
40 89 0.549585847053323
31 57 0.8990379093444781
12 68 0.6895305321565524
74 44 0.10830256130813457
17 100 0.20375124600076136
24 21 0.123850028720254
43 55 0.7826006091709841
64 52 0.8774354720952249
15 0 1.0095333604250605
16 28 0.32398848740228425
44 71 0.838136504985646
51 30 0.6136864308500952
84 58 0.3258853661356578
86 89 0.3904906401638377
79 88 0.2691933836540503
72 24 0.6024386254137376
8 96 0.5101397298352555
47 93 0.618045812715186
9 46 0.9898308254053513
62 50 0.9408521717470469
11 12 0.34074707268075954
78 94 0.874643295120799
6 97 0.1115558259737627
0 98 0.6781350829219986
89 100 1.055124347443505
26 48 0.9899339715256503
16 16 0.715139652584476
5 64 0.2223567455750947
81 33 0.42332097881588193
80 42 0.228089779953956
49 77 0.477788526098886
62 54 0.38473661187188934
90 56 0.6929231779145585
76 5 0.3066632900845466
73 77 0.9542188575892361
2 28 0.451381902852543
66 67 0.39244067270970806
91 55 0.21558186390396797
36 6 0.3245913614608881
32 53 1.0546819218836208
60 99 0.38919484631107804
24 37 0.11688270730964748
82 62 0.20535551533685428
57 9 0.5286897619508187
83 17 0.41340112037981025
98 40 0.9744128570573635
86 29 0.9965038390756494
36 45 1.068625406523928
80 50 0.9592946345478321
7 85 0.34777264322513013
90 6 1.0790324597883043
53 6 0.11939433107873845
32 76 0.27222718993705886
23 81 0.35040009422094254
12 70 0.7663812209807125
100 11 0.9943237778285765
7 27 0.6244611061198089
29 79 0.7044607291051952
94 47 1.039501639965261
58 100 0.6539249024021087
51 12 0.8360029664240858
89 32 0.27972712679647205
60 79 0.5944277555380667
62 30 0.32077912902952477
43 84 0.10424311788020371
96 79 0.5083710540857048
27 96 0.32515813966033247
12 64 0.6718405938973954
18 11 0.6805717925896871
100 27 0.8632831402634706
10 0 0.65322317251896
60 5 0.8019497981424816
56 16 0.5637886309721643
48 71 1.0990099742290087
58 31 0.5802568893728296
17 18 0.13980207408806924
87 58 0.27710645710674886
45 90 0.6243535943976807
23 27 0.7088987885343248
95 55 0.4614566410190829
53 60 0.27894457832142405
98 45 0.9067905519861311
56 32 0.6348784290718194
31 44 0.4558160688167999
61 64 0.23261283440973526
90 69 0.9801649896650021
0 67 0.14378076834389877
19 81 0.24677170547486407
48 58 0.40478433666398717
9 66 0.27993762631826047
62 47 0.3752891214970068
79 18 0.6170507759796482
83 86 0.9102485233496284
69 14 0.8509395854285522
71 47 0.27754361704108366
5 78 0.17941095243616126
11 95 1.085010798097814
71 48 0.7534421286467048
69 0 1.0706340240244097
38 7 0.4809639216957212
97 99 0.23363528603260278
78 25 0.4854270562452162
58 65 0.5522096146800243
42 71 0.658892786037916
47 34 0.5546125905373624
59 75 0.8356794073650371
87 72 0.2958117907125811
58 43 0.9192982904739219
76 92 0.7333719497134995
21 27 0.14653454456049766
30 97 0.13711303697834346
25 33 0.585449364217435
51 29 0.2840857393913938
38 48 0.47958084296989534
48 20 0.26307263587567886
20 81 0.6449801498944995
52 70 0.598646504981994
45 68 0.4043783407675068
93 54 0.9247395771399433
16 22 0.6109934722818721
61 27 0.9535069167602132
9 2 0.16066206463272828
2 60 1.0298483162773748
5 73 0.10097675112056606
67 85 0.226327380023468
25 5 0.31791710973986465
3 40 1.0227649580980571
23 22 0.6840613019935854
80 86 0.4018409541051545
81 88 1.0967927199419194
7 74 0.4484288412034628
1 26 0.4968541102848534
96 33 0.36860918567199263
17 93 1.0885376419410253
97 44 0.24951322200238005
98 83 0.8068789604338887
59 28 0.38942698204197435
25 14 0.6468663553590241
39 16 0.582817397204528
77 30 0.14200029095072744
95 98 0.547496502405009
3 91 0.7175168112704332
35 8 0.8979073211831333
100 2 1.045906991084629
46 43 0.22694117096949798
24 87 0.7417666109294861
19 6 0.8839177927604548
14 42 0.469415079238222
89 81 0.9044843685533221
57 8 0.6730032050561705
13 40 0.21874572356776747
79 90 0.5168132942352048
24 91 0.2285725175968997
43 67 1.075405380152579
23 44 0.18283863782732582
40 83 0.34719874299515796
27 1 1.0586290999728254
60 48 0.7033406617574784
2 86 0.28280680922510704
92 70 0.7175497129123836
47 45 0.6878905629580749
81 61 1.0124902218724317
36 90 0.1508158474992847
96 15 0.7751440569638128
62 71 1.0275735789436882
66 51 0.8337436626942702
60 22 0.6354802748324055
74 88 0.2961953178097575
88 11 1.0980928448757894
89 67 0.35089894469608973
85 14 1.004509767567201
60 34 0.9391422487889861
92 30 0.2793912206185246
61 55 0.9486213159401758
78 46 0.12228501758468138
87 92 0.6176427838071862
33 1 0.1139421993382135
89 50 0.47350423984988643
58 59 0.6086352300425035
0 89 0.1613334069013113
72 66 0.9578663684326955
1 12 0.35089055027479565
13 86 0.25209642612504923
79 11 1.0237872474874048
80 76 0.45848328059986765
99 58 0.8825845758855873
92 20 0.654143528981205
55 96 0.14633620209753787
80 85 1.0579855551846415
81 33 0.6449481990112717
72 99 0.33174868166232285
63 80 0.5060431646949886
100 58 0.8900300607651971
4 39 1.066692491658776
1 14 0.8425680080306431
98 69 0.1451015449504444
55 7 1.002392480718762
82 14 0.9447554500659179
19 76 0.6994587064070538
24 18 0.9552346144839441
43 0 0.11717946232054824
76 90 0.6499542628551017
99 42 0.7213462915866248
40 50 0.305108839330958
10 22 0.12326867034172542
70 27 0.44009546880456474
9 8 0.7949369833181772
85 40 0.2071322813361818
21 21 1.035664768018012
28 12 0.3674988997925771
85 58 0.10754541589544811
16 58 0.5230619199167541
51 32 0.36997953212748924
61 37 0.346830994414532
13 68 1.0961708405624708
74 98 0.19203180645295118
18 97 0.6045347563760457
37 48 1.0603078517349993
65 72 0.42660013518520934
25 75 0.919733421774601
60 54 0.435288465438847
31 89 0.48173775516179074
44 39 0.9592572599651058
94 54 0.41258473577737154
2 56 0.6717946705616817
55 72 0.3286625236442515
18 25 0.9161117715838363
0 58 0.24071390432752696
8 76 1.0488399791414167
82 50 0.6590202618519787
1 44 0.5971060320382516
53 63 0.8562162056546962
57 3 0.20529757716125943
0 95 1.0830144034906248
10 68 0.578811313022755
65 70 0.228088149903683
5 47 0.29515506075335585
67 10 0.8845751745416337
56 42 0.33121777979864675
14 48 0.9134216521371324
68 26 0.4846755940300983
8 38 0.6454306640390298
26 76 0.3324226888981424
52 80 0.5379663061413013
84 63 0.6509143119846614
46 100 0.14971641627938495
48 56 0.15647659362997016
17 7 0.3686751201762708
24 10 0.798242379485511
44 3 0.7951169441111069
26 14 1.0597833105283538
90 9 0.36463349653230104
100 85 0.23505338993743155
53 70 0.9792287492371926
3 6 1.0031856609517456
14 22 0.6987508466768966
19 27 0.47339081629420976
69 31 0.5832348357513291
58 93 0.7088716170234013
60 22 0.15483830657721112
82 18 0.4721682433891855
60 74 0.8508475638477828
67 30 0.9308323275369964
70 82 0.7422937404107797
63 38 0.6715761642448147
38 39 0.6744476866843636
81 19 0.21757317384120892
49 81 0.7719808443200933
35 90 0.6509413952310746
1 7 0.2922777833390051
34 29 0.7401175298730434
91 100 0.5911640777022766
5 76 0.28762101211786073
54 34 0.8069718162707589
78 25 0.6450363036710132
21 28 0.42056108081253196
77 23 1.0529014565556198
76 46 0.15330587344880767
23 55 0.2385016113279295
84 51 0.4608393936993871
25 88 0.9809136210585344
16 51 0.9485826623527004
51 70 0.4593947933998168
79 90 0.9713993970064694
49 15 0.28955220068989584
43 87 0.6400224228250436
74 90 0.4980739494636047
90 2 0.5624209971084414
64 21 0.8170201258093307
45 49 0.4582513050248802
84 100 0.3775443380325303
32 14 0.44300036314010327
57 61 0.727460205081819
69 99 0.45245816624015445
9 60 0.8965490538598279
99 90 0.4459455898176463
100 31 0.5400309849107583
6 92 0.9683131226401391
25 93 0.6479138926515124
88 94 0.8953641174215209
73 48 0.8471239661827786
78 67 0.7020058455546371
37 70 0.20225245423968488
49 84 0.7046695479189519
28 96 0.5628051949993805
68 97 0.7479948011006441
7 86 0.15499950384274577
63 5 1.063269757558308
87 84 0.7539070512667141
6 61 0.6451601191249523
70 27 0.19483228872987715
53 54 0.9746199612517294
86 10 0.3515130690019914
5 33 0.616406480995007
22 53 0.21628309686085614
42 6 0.21129140103690927
26 24 0.5270679398921685
19 26 0.36038718966581895
80 84 0.16779600098233885
29 7 0.1726046846813676
87 56 0.9979212950578691
21 21 0.34544236122865823
7 98 0.9951276959441384
54 57 1.0230995019831401
42 99 0.16735785155499275
82 12 0.7339898781620152
76 58 0.2760933914472069
68 32 0.7927556204303163
39 94 0.6554495874352305
41 75 0.9723843514230385
23 72 0.6713835472982267
98 61 0.4121576372841603
40 50 0.811707774985821
64 93 0.4114854651579819
22 86 0.18253153594755403
13 77 0.3345783917788353
64 3 0.817818164313797
33 99 0.4471374104530139
11 13 1.038216078267538
9 75 0.3432448403940802
76 86 0.5389465444505674
23 10 0.9745671150963533
8 91 0.3669974736355175
80 1 0.31333567068052737
16 41 0.9983794339717271
20 69 0.3644632650971733
37 39 0.7504817874675616
97 60 0.6732522960591483
35 95 0.14989153499324961
65 5 0.367365083012686
100 84 0.9076858974420442
3 8 1.0574188708880086
43 35 1.074565694682648
59 95 0.5916119978801148
12 54 0.8813468686413342
79 63 0.8201827490598455
97 34 0.894908037139228
40 66 1.0419562990338367
39 1 1.0286672697035646
16 99 0.83197852684102
5 8 0.7255216423059948
10 95 0.4859866030025247
11 86 0.5539418594342163
5 83 0.8521777698259387
84 50 0.8714611414203813
32 37 0.37480345363869605
16 37 0.946563889557283
84 21 0.2915230980525151
33 19 0.549524413191429
9 14 0.25369788446536956
52 57 0.15967048572529366
89 60 1.028020683107662
38 71 0.30380277039454273
64 40 0.9531819366740071
46 33 0.32384086376603094
28 27 0.8990147618248647
94 69 0.3321972545957912
55 50 0.40945067796659074
59 82 0.9956039583473705
26 9 0.8346931691842929
15 28 0.13958380924803895
19 28 0.6658579318117881
31 74 0.9932976517976647
64 96 0.9027538694060292
48 14 0.6322503438061795
36 64 0.4685682144711758
5 31 0.8184448512281547
17 54 0.37551747997698626
8 72 0.6805405082319754
83 72 0.9858852098295416
20 21 0.9210377770294157
94 87 0.6535375081192057
85 3 0.38777167838978044
68 43 0.618052328217998
1 89 0.40548133479426374
68 81 0.8298385627840642
66 88 0.9543247719051668
71 19 0.3352446636953703
89 6 0.3993356271165277
98 16 0.2717550289248868
98 83 0.32253434060462327
5 76 0.25579708948147284
63 8 0.22607779405468234
58 48 0.3841913282656031
70 4 0.6624631756460212
24 20 0.9773035031632745
59 76 0.2968589923509608
71 91 1.0099168583939588
2 77 0.8200847079856927
64 4 1.0589044397151606
99 21 0.45581976068010266
68 48 0.4458954067404379
3 44 0.9487700705385393
97 17 0.17780790316843123
65 1 0.31568029909349393
69 72 0.9527375438502773
62 78 0.4145636621176152
24 36 0.39159453050122583
51 35 0.9924273800552116
45 70 0.7041283070383851
10 98 0.29846733987897833
46 31 0.6518802831851277
54 87 0.5766923718269567
75 1 1.0590651635905683
60 16 0.33955660529405196
39 14 0.19388008726665198
51 21 0.5867392306693514
89 50 0.9422713629490654
34 57 0.9414429013777618
50 3 0.36379775542769044
15 79 0.44288051400743866
4 57 0.7846543582538572
52 7 0.12427132567624324
85 38 0.8632939397808164
84 71 0.7906305643685623
86 50 0.6893828593986009
16 84 0.2824233813391892
30 16 0.8316276692015082
22 15 0.7990330283303935
76 22 0.662210097563764
9 90 0.8304777463110508
99 7 0.24898055043521408
72 5 0.808409581655986
72 92 0.4622185785180406
81 79 0.3725508582462097
43 61 0.35787482070574883
22 24 1.0084815118669834
97 1 0.9259489718859172
48 96 0.97669604201184
19 41 0.4488179353437963
60 40 0.8897418068420125
71 34 0.856576950762041
31 4 0.30870779504093115
49 90 0.7267284020763802
72 28 1.0871601768456203
92 35 0.9483616051496547
51 97 0.3235412418692051
28 73 0.4795682577779351
61 70 0.6891318374711934
90 52 0.17196605883858943
65 23 0.7507496746990637
43 19 0.5031379987075618
68 14 0.9468581814235175
5 97 0.4525978483409573
1 91 0.4546229062106609
44 95 0.9904407358650942
34 65 0.5674555832859177
88 79 0.247268845782623
83 35 1.0633272784891628
67 99 0.953835116388211
83 3 0.4519182623206047
21 35 0.3689931620323056
18 95 0.4986560976896566
35 5 0.4323673211216449
92 66 0.6520000313585146
89 26 0.7266857626725612
72 36 0.19914963550239576
2 51 0.49999008241366916
57 28 0.3430781647096638
12 7 1.0106622986847456
51 26 0.6868723685709087
71 85 0.11065356051938594
65 69 0.9876913425892295
57 23 0.7976997094767218
11 60 0.4958703210861316
14 71 0.6702014760161044
69 53 0.963721360561793
46 7 0.30613632318914297
75 28 1.0549686781448198
60 61 0.20282284765021766
88 75 0.7428324101958691
86 19 0.5177191570926942
5 90 0.3917260169224661
12 62 0.15698490929247902
27 81 1.090961914573652
46 39 0.24160471169079725
23 78 0.6537536866287257
10 91 0.5965944108288255
3 25 0.5025594575757859
46 18 0.14027500546936192
90 100 0.9361294035312024
10 28 0.23449453098344333
63 89 0.7360738873476567
99 84 0.6178552279778717
36 15 0.7491442122889519
65 21 0.9390328319992945
58 41 0.5197157056045327
55 27 0.9942993545644965
71 90 0.5938836655768485
49 45 0.5135239437267132
19 80 0.20747848612317824
23 62 0.8045281872349788
59 61 0.2290441319047243
18 28 0.8823796079050347
40 22 0.7979483797142626
66 67 0.34037479623616873
25 8 0.3734224151790162
21 85 0.6303862820302809
76 97 0.374788321117806
37 59 0.15330290675315286
67 33 0.8766019506501064
77 42 0.563414979311831
0 35 0.498743553115935
59 91 0.42672057119617823
3 74 1.0195665341723683
39 30 1.0182748981220506
55 38 0.8672648371268276
54 14 0.8059864323991484
75 94 0.6546197470494872
12 67 0.3241641856350278
80 46 1.098898777817359
35 38 0.5253814551984382
100 44 0.32313953975272847
43 97 0.6769352447290813
5 6 0.6473839358729137
82 42 0.528727376331942
65 16 0.6195904536754764
55 35 0.7743749912201345
57 9 0.38863992463690766
44 48 0.39513703972137104
60 28 0.6092483121009411
33 60 0.13031920330382876
0 27 0.1938907048674903
100 38 0.33481067769177086
62 55 0.3018502616113099
72 83 0.6133728229255387
2 50 0.6297467107846021
99 77 1.042759146175196
65 63 0.11059381108022551
66 27 0.26346336878641974
0 79 0.19885156042512367
5 11 0.42430235130425586
44 1 0.3756079652974704
74 20 0.26954701359069855
31 50 0.5644744921979538
26 58 0.43071933527782535
64 62 0.824459904456531
83 70 0.6149304487417004
53 40 0.1733480334489277
15 14 0.955694380953673
48 72 1.0436650955233615
68 43 0.12216347998104096
55 80 0.18122989961961924
88 93 0.6998413397078415
52 8 0.3824327993168115
56 19 0.8955928821964458
55 51 0.7890563171278596
53 0 0.6922944574533175
59 86 0.8058846245092055
52 37 0.25510453254891274
78 64 1.0960863538242025
98 16 0.28831071941676
78 30 0.9449876690314445
27 18 0.11413993293010408
76 73 0.4704204335526524
87 59 0.2595093861119828
51 9 0.20522312702901993
96 87 0.9654581932138626
8 24 0.40890526198781696
38 64 0.6824576677123857
34 95 0.7605789072825584
94 40 1.0996061454064308
81 93 0.47035115065080946
71 100 1.0786876745982925
21 89 0.5583072391120308
6 88 0.6488123540258808
23 78 1.0847082785049982
8 94 0.4656384422780775
58 10 0.825453589260186
55 38 0.40461526437507367
13 65 0.9821757556267428
46 74 0.7130525878789657
71 93 0.3977716035307587
35 43 0.17608129240528372
43 70 1.050399265241956
5 71 0.3177529327554166
86 4 0.6435760069497766
79 33 0.24339561567928705
45 95 0.2947358174775845
98 2 0.27429758066065424
29 73 0.18721631834461364
72 20 0.7880389730073782
41 87 1.0970338516852802
66 44 0.6450833142084004
91 20 0.5122775680669036
15 65 0.4805870622842836
99 69 0.21291375149234718
15 9 0.9279985015653737
94 60 0.48882875784565694
59 42 0.8306858061148563
88 42 1.0091104480208033
49 66 0.1764284828987386
49 56 0.5847768511263911
87 78 0.8571546370186146
84 86 0.6372374227168782
96 5 1.0978836013482853
39 42 0.7938134678454887
75 30 0.7659328304610581
47 51 0.1750339369471177
27 33 0.31241829830401413
96 25 0.383281224522811
95 100 0.39381996822306253
25 89 0.5424392507618181
60 7 1.0124520052242758
63 25 0.3127569230488396
20 16 0.3773950501740023
53 20 0.5713176201214835
100 68 1.0047756066942681
30 32 0.7325880491114819
16 8 1.0279765881715008
73 42 0.7628984192293489
77 98 0.6641274192884932
85 8 0.781554104637731
99 35 0.13869315672534413
3 96 0.6644659706266286
5 35 0.2533007994997877
39 58 0.29314932336887956
58 57 0.9041514585231741
71 69 0.7793350642791617
84 49 0.20415311566273278
7 57 0.5928412812715408
52 66 0.4991243699010973
99 88 1.0593916683752416
7 34 0.5795429632099632
81 75 0.6720827700079534
56 21 0.3682152476921622
82 58 0.23064114494757562
22 9 1.0212687625985708
35 34 0.7804205947734209
72 76 0.39076036127582636
41 20 0.41820520930681104
76 0 0.9360824372614007
34 28 0.4652760911793321
52 88 0.5817713405789375
89 22 0.3256495659135028
78 16 1.0956467774446998
57 37 0.4616007025211687
39 49 0.9506886649308098
88 36 0.39203272343109474
79 13 0.3172136840202233
33 77 0.9084602848368533
37 50 0.23416289030550233
97 16 0.4196037204116977
92 99 0.5458201000786475
69 7 0.2841684251112574
24 17 0.9384877263387383
61 70 0.7105963352889577
98 38 0.530089269545865
48 67 0.6960346074867685
84 49 0.497278934008881
4 84 0.5143061825846076
61 47 0.26643859304271866
60 22 0.36694932020615734
61 86 0.27837044472357275
97 79 0.15023951759573187
55 64 0.17767643672596925
7 37 0.3553745199574416
5 28 0.9307241738122428
60 52 0.19046843371658242
66 54 0.8931588695906197
56 39 0.6227306455060053
100 53 0.9797339814742357
34 0 0.2776391998031441
13 4 0.16717024761485424
8 62 0.5136196317722062
84 6 0.7357681410630936
11 75 0.32186270711956966
7 54 0.434657882499078
76 32 1.0367267841796173
74 38 0.4270494573594905
16 34 0.9572347174702912
97 97 1.0647477237121612
16 88 0.7159070775168987
81 77 1.0875817252985327
50 13 0.9151215934945156
47 97 1.0933500705579828
84 8 0.37160454962114864
26 52 0.5256723296265349
16 71 0.14887352559265601
96 21 0.11767281919845199
76 0 0.42334183269241465
58 87 0.29291435842887537
12 12 0.2789233223552823
52 44 0.49031131022886554
10 39 0.6062822564341875
94 67 0.28755106033060907
63 87 0.4683329438329652
6 48 0.33091833184962727
7 42 0.3976888334067552
10 78 0.519396079847031
42 47 0.2677893130557977
9 70 0.283194257310859
28 100 0.3819799837653508
95 37 0.10980039674657008
59 33 0.9182491067738131
62 95 0.671916712626311
42 63 0.1710795238185812
56 61 0.7411778267432729
2 24 0.49054971320692253
97 17 0.28075852977041094
95 73 0.3360333773012377
4 73 1.0394135378883798
79 39 0.48879737242371935
90 89 0.3503279488206419
92 58 0.39433170659831085
0 6 1.0325231211322958
24 61 0.7827445574991503
96 41 0.794711887410688
73 5 0.692883015487516
56 70 0.6617331803733948
12 57 0.6322771415880073
71 27 0.7560994070391717
24 29 0.5766699061659101
55 44 0.3120254279561756
75 99 0.5271084313469189
80 100 0.5328987069595024
6 47 0.17222084536480278
28 26 0.5711014873378759
84 27 0.9731660364986691
14 16 0.12836128818736184
11 34 0.6828606233309785
35 33 0.554389395614138
64 47 0.4602291491415955
56 36 0.6205851194270304
85 6 0.6707801782626608
97 70 0.5768739245182064
47 86 0.9371228746146286
33 27 0.34912923207369895
91 40 0.31798217939564455
79 97 1.0173043997302118
31 59 0.8784288897962369
81 82 0.8084631815205294
34 62 0.7009184993791784
13 74 0.15085870513352997
3 66 0.22632442014962642
57 53 0.29758292351382176
60 1 0.40576587383332885
46 2 0.3481317536683496
68 28 0.3345123520523766
51 94 0.25696038399089705
30 0 0.23546550047311146
79 98 0.7514820219748168
80 16 0.3331796393280597
16 25 1.0391115233938943
88 99 0.31977637116894064
4 49 0.6695257244970659
2 7 0.5669266059518472
100 41 1.0582901749550189
49 8 0.5065278107633091
25 67 0.47217345488246387
24 2 0.25664403223575627
35 21 1.0869015633821417
27 14 0.7497301097185117
51 15 0.6292824637456945
40 75 0.4269223420087548
88 44 0.7251340590980719
41 43 1.014585079788666
52 5 0.4013891638167437
34 33 0.10006035799430293
90 46 0.7499972113285813
68 47 0.7793134498191512
49 30 0.5039167749562758
77 95 0.32794860102765244
58 15 0.21991148824303566
29 78 0.7403426918312775
54 3 0.8164402001337262
62 51 0.9991072394852931
55 42 0.6359043658917107
18 19 0.5635860944850936
37 32 0.7204069770200673
38 87 0.8199195527208051
0 22 0.12735347463866278
9 61 0.7761269235728891
86 15 0.21706086099622648
94 67 0.8791863942053725
74 46 0.9452362370615018
64 13 0.12880771157127993
54 46 0.6417143036092081
69 25 0.6218227637891615
46 21 0.5175099590397082
52 43 0.5920086780280641
3 65 0.2976354789649124
21 22 0.584520797313968
68 50 0.666532420936747
48 26 0.48583136564476836
9 16 0.9783992011318754
100 56 0.8790047064920564
84 71 0.4528916285054364
25 30 0.19345789412557604
36 90 0.1302659911997768
43 65 0.9587139015604015
100 33 0.4165555660531043
46 3 0.4862254136930274
89 31 0.29005727676566495
28 1 0.17783308815275758
92 6 0.5798876527713996
66 6 0.7233906452486039
13 94 0.6040835279257595
86 91 0.18786898295178436
