62 80 0.4494910394854458
19 52 0.31858919046091494
81 16 1.0915376375716512
73 33 0.43734784808949323
35 85 1.000459357250848
43 10 0.29151685728029186
47 98 0.37388561427468714
16 94 0.11223151891516672
41 66 0.5841742626949623
68 63 0.26856687881437635
93 75 0.10553937966588192
9 38 0.3828183836479703
32 28 0.8584644428322168
61 73 0.6640558064107741
44 0 0.9878487807047112
37 58 0.774171692851239
95 57 0.9798361868362429
99 31 0.3370537094898738
24 61 0.12541440341922008
27 42 0.46067873266510817
89 58 0.15210228691516617
53 16 0.13993673988181068
54 33 0.6362621106199817
26 88 0.33118894270486865
19 21 0.5434211603617417
21 96 1.037999697571501
77 21 1.0297129733652963
81 2 0.526200459332341
14 23 0.6379355294243106
13 28 0.5762362153420898
35 23 0.21943566890694557
74 64 0.24706630376835417
4 20 0.9355178079308721
81 41 0.5073550001266031
96 1 0.8413364613353835
72 48 0.8652527362798758
22 71 0.9019972371771818
64 65 0.576261407562854
19 82 0.37658110567375125
65 23 0.6631467312282983
47 41 0.2727723036024714
77 65 0.20169916415196923
6 18 0.8304463484574128
20 92 0.7314661704026825
24 1 1.007918933416885
73 38 1.0421706767216015
68 94 0.889074550342831
59 16 0.30936422251419404
92 57 0.5893974649960108
65 14 0.7655492490551598
56 68 0.21279293175041938
37 92 1.0816157409094236
25 71 0.6345425530922641
90 10 0.8625544697129134
32 85 0.7418517007556927
56 82 0.49658443914876715
28 38 0.5869398387442327
29 77 0.15388856539843934
97 47 0.2711548908809809
82 5 0.6882618251004738
35 91 0.3629447814763356
7 7 0.8293862455195747
10 64 0.5757177020218783
58 85 1.0514501860118204
71 7 0.5058910688063686
67 73 0.49779226633715223
96 11 0.7468615629996799
65 38 0.29247587652934814
42 16 0.9175099533653003
92 82 0.280598763961181
94 39 0.8473314797345355
35 29 0.18249189085639297
0 76 0.41372797733011357
59 41 0.5586394538534993
26 99 0.30061484257014115
54 25 1.082941643986249
24 68 1.0944730223818648
13 81 0.8603341496130721
35 23 0.4000167161576548
100 32 0.4811342220437067
64 6 0.8843011416187015
45 26 0.662240650018201
13 41 0.8178953421593504
100 91 0.8240690264728607
35 93 0.11737110176082535
63 52 0.40956936207871597
27 41 0.6502288406472788
56 26 0.12289747330079517
2 98 0.3924568014193197
25 47 1.0806444444917258
50 61 0.34475716747001606
62 95 0.6126053111689698
29 15 0.9054481535535287
28 44 0.3669786399396957
84 1 0.1377424908365004
49 34 0.17844841602719289
91 7 0.47520158279779057
74 33 0.4501255436143191
12 99 0.3417802357444144
46 19 0.978653816372364
74 17 0.3960765233452046
32 37 0.2929118442903219
41 95 0.1849398513598323
27 45 1.0650397603802932
93 50 1.0201837120900925
44 70 0.6750086689951172
9 30 0.2848191175130729
83 13 0.8392110018197848
17 54 0.7910927077744971
29 90 0.5231432635123568
11 44 0.15296192418270585
21 40 0.25453278909604204
89 78 0.3069434823939572
32 11 0.2952585380861078
74 13 0.8432048222266415
74 32 0.6370054581884333
9 88 0.4075024949628072
39 0 0.7912019554913357
91 44 0.6755385701773001
22 25 0.28420085019571517
84 92 0.6860872889741433
67 4 0.4624236803615056
76 81 1.0028259867837879
81 89 1.082125707207994
85 70 0.9376094717795143
41 91 0.46537570482448765
41 29 0.6125106772120034
26 90 0.761215409179973
85 95 0.7659000458786986
8 2 0.6571695598117832
86 4 0.9829481854659745
47 9 0.5569143925820182
56 29 0.39341042241055935
20 19 0.3893124855143708
17 42 0.7072475608004964
22 45 0.9828487264156319
7 29 0.8531800019668516
3 28 1.0531792392403534
64 75 0.3552292941291936
44 32 0.17728630452647812
34 83 0.786829295250614
49 41 0.9389812169305285
47 70 1.07402895597849
79 87 0.313442032363762
94 37 0.6598622603672257
59 53 0.13990527761505014
40 17 0.16730493219456968
85 56 0.27156069532556026
99 34 0.5144408898408376
44 75 0.31057025524638426
56 22 0.8071339582910291
14 58 1.0765797405469564
10 0 0.6825643969413135
53 36 0.7318941849889036
36 29 1.0210371263394717
12 84 0.6918438656162611
15 77 0.9291789040567374
77 88 1.063066303312426
20 27 0.4999691177636164
77 51 0.3671004148332686
73 68 0.8843904660494648
51 32 0.5830396706312065
51 30 0.706971044247842
50 75 0.9146032014291127
17 66 0.2501473389675829
40 86 0.9293213915944168
10 4 1.0335392427835262
78 14 0.9046983575722443
58 95 0.9248758198171789
40 89 0.8975641099107654
12 5 0.10777124176133604
12 20 0.7882850728955876
47 62 0.2094695854269132
59 25 1.029242305146939
59 49 0.49508042234221994
38 5 0.5256648533222651
100 50 0.7256638243686173
86 59 0.4622327274644906
51 56 0.5380123330923262
88 41 0.19313362390171465
37 75 0.6592570309208458
81 59 1.0751091951969174
9 29 0.8954084190114111
29 40 0.38149786276996245
71 33 0.5956005767235166
16 71 0.46900631044629515
87 49 0.9746101206242027
66 22 0.2299519434080756
73 43 0.16901827971756925
18 64 0.30189296728294635
93 77 0.4494771578687706
96 53 0.6758310471608782
59 5 0.39099669109440693
42 82 0.40978644461872615
4 19 0.776687055402803
100 48 0.8890455596455513
18 68 0.843874195242683
37 89 0.6401516341491372
19 78 0.8408855686819274
88 94 0.43874355806106347
92 63 0.8678818847196118
25 43 1.0366218974448915
98 10 0.3645396872029366
4 68 0.8719228132084335
36 39 1.056838775919185
92 52 0.6531887934577635
85 59 0.5660026059450738
12 13 0.7600687953176304
33 62 1.0641598338279474
52 38 0.8098390837284375
48 50 0.16529252190718305
97 6 0.17174584114979444
70 81 1.0648432192621597
17 47 0.6301114125039357
11 43 0.8193965041438468
81 48 0.6338654619384463
10 79 0.9823327386403988
5 95 0.6517588362470879
95 77 0.17021481969791666
7 97 0.7327263585907333
22 15 0.9026412276184803
99 86 0.5396781913837276
47 42 0.8160266175121055
79 62 0.7857194323073373
89 73 1.0756772641090302
55 34 0.23521529569683589
10 47 0.11338541482604683
43 62 0.46764623837300157
38 88 0.8275672583660916
39 40 0.6653101178702309
4 96 0.17659508304775864
91 58 0.3126043609940369
73 20 0.26045242954842673
29 24 0.8293500083409152
86 53 0.6425531973957318
55 53 0.19141473790043254
59 63 0.4343539964436284
37 86 0.6250504901309135
66 63 0.22171758189141968
49 85 0.6408734805152749
62 71 0.802338631082459
14 76 0.3274514326343222
46 80 0.8894833160101457
78 41 0.8261973217040682
59 1 0.7990409830715749
53 26 0.9052231606574979
22 62 1.0827034244356786
64 18 0.5860463643510214
78 84 0.7307570150037259
72 20 0.3852714164923108
