52 79 0.1907041996557647
100 95 0.15971079308050953
14 97 0.2697254143976673
83 100 1.0434764580447453
54 28 0.38793817527106245
62 12 0.77933552568436
49 55 0.5540286076585579
77 12 0.5411811627312797
86 27 0.1917878351280067
55 96 0.9502942364085893
31 80 0.60418931752235
25 0 0.4304548913602364
57 78 0.8981155709047209
95 28 0.3985208878677705
25 11 0.9747085675310705
28 48 0.5474416099337232
19 51 0.8577024554559282
55 18 0.9694338067547353
95 29 0.45520831876750334
67 85 0.6236454038090952
100 43 0.5765227349121628
36 74 0.7419040733666727
77 1 0.7916851155069373
81 39 1.0163039682143868
72 97 0.22908049097918717
91 15 0.47869218455608864
3 64 0.5183878071220377
32 10 0.41441469623199
87 70 0.9468064221787207
55 60 0.8598935871474161
51 30 0.9016168789388754
11 65 0.155324220960304
18 80 0.967299879464032
100 67 0.6919694984314686
22 3 0.16325034563211063
90 97 0.23976678188583836
8 64 0.17387927467504707
75 39 0.8219223690105147
55 54 0.8271306373335721
59 79 0.6888690809199775
77 60 1.0871945496744304
46 78 0.39594307467298595
22 0 0.8286035292719518
55 38 0.47177492304497193
12 40 0.5054056627731416
28 63 0.8827438547875338
16 19 0.7683534585994121
86 72 0.19674056111939545
91 20 0.9390683090409332
57 13 0.8018174264810899
100 63 0.8591634669973366
64 44 0.23717203875718365
41 69 0.9398489531472553
11 34 0.26582660036336336
49 69 0.8288047992864594
58 33 1.0567736604062106
97 39 0.36503055180033195
93 28 0.568753205176203
20 99 0.5251950800414332
89 35 0.756531317795569
10 86 0.311238545944697
91 3 0.4303380855473964
68 72 0.10248294701376728
5 74 0.7852406232203922
77 35 0.372050602460396
59 19 0.52460130476473
87 16 0.7021242768401387
53 14 0.5143635790906308
58 20 0.10959206441340832
19 82 0.76447250456159
32 41 1.0738937648714104
74 97 0.8512713538733552
90 43 0.5684549374869701
24 77 0.3049282609066918
56 92 0.9766115267898612
83 70 0.4291880446033044
90 83 0.5311858393134962
78 28 0.9953075461089963
73 97 0.13974865375642667
53 27 0.5150531378891227
71 76 1.0109547890142536
100 75 0.6835529428420012
3 84 0.2162725236880926
66 64 0.8411909119668903
42 67 0.5905336279337852
88 70 0.7264534665951817
99 96 0.7988739629337157
51 99 0.9938596581448926
100 38 0.21585389500238142
17 31 0.6010459557689745
61 76 0.14803182613689583
25 47 0.8717238578520923
12 98 0.5613364724090699
69 28 0.25959413923525987
37 32 0.9560550479295497
66 78 0.9770955137834054
68 91 0.5927038083082073
87 91 0.8789384886566137
10 42 0.8951662922460155
38 50 0.7045295704592017
44 92 0.46528660590940707
54 78 0.5752040048114283
100 43 0.6246116420330686
99 10 0.6111013362061337
17 6 0.30896997966919537
68 53 0.2835100775758901
29 64 0.6445849043537605
7 20 0.546526453216982
1 35 0.5765676375414703
6 49 0.181637062585045
90 29 0.9143419731956854
22 59 1.0530313448180162
80 58 0.7175179834662105
69 56 0.43457591247347815
23 55 0.9565747518295347
99 2 1.0822668062574263
15 41 0.43605164990942
21 31 0.8549688425751746
64 62 0.4059171037626239
56 23 0.10116039368166577
63 42 0.7597156658959465
73 32 0.8531791656616756
39 11 0.9646201072430057
44 18 0.6647161881078697
8 44 0.2506156541086225
37 30 0.8820286531220553
54 57 0.8277095916099046
57 97 0.7666934597742981
64 73 0.7133957462879851
20 42 0.4973629404881966
2 90 0.5859101606716728
25 18 0.9252270030456958
4 83 0.9279726395687222
83 99 0.8710194634693585
60 56 1.0638356025365192
69 43 0.8880033009844499
3 81 0.8850701946286341
38 35 0.7052116398748567
36 78 0.9665110978053945
18 84 0.41785892915380074
24 46 0.9762923153975598
98 76 0.8686526282866731
57 10 0.6241409801889923
15 40 1.0039156765629587
37 75 0.27129755809101874
93 2 0.9244036531590049
3 54 0.9616623123176531
21 15 0.7940400393153916
96 27 1.0062059054283552
73 96 0.35743931333902723
88 39 0.5734420346319181
32 3 1.0650730915279238
79 84 0.5952100910922642
31 27 0.6407674599432265
64 69 1.0870914491161994
42 14 0.197646040075832
21 67 0.8751275580911415
11 25 0.5894894076568536
76 15 0.9527838356381338
85 27 0.5849178966797455
32 49 0.1793629279353989
36 11 0.8953845421134905
8 22 0.8257889501889242
77 71 0.10720414633016498
25 83 1.064448721496502
54 81 0.4717519077543141
4 22 0.1859785700584529
51 81 0.8616680256962709
38 57 0.2051461467085122
27 98 0.729084508754483
11 42 0.6693154945859321
29 18 0.9546393019656247
31 53 0.6462157095531126
84 9 0.5921992690349327
70 37 1.0896147133306824
86 30 0.18219874467103805
83 30 1.0419235266730562
3 19 0.10693516972120956
57 7 0.9999385722572118
27 57 0.3528042300407297
8 94 0.5536171857921366
34 47 0.36114637886652434
72 29 0.3405704788063667
7 33 0.17229289183351973
92 6 0.1715464284148677
91 79 0.8966839785563159
67 79 0.1004045107635119
74 94 0.29100243707181217
16 28 0.5259976228612756
13 0 1.0425335229349255
43 35 1.0890411472533883
76 56 1.016747405386959
81 92 0.669047929364521
39 27 0.4986964211212124
10 37 0.7706373564325479
38 43 0.7276683846884175
32 21 0.34239181766580296
59 68 1.0607419616686105
56 34 0.5945220376656091
49 81 0.8753257060333683
89 78 0.2813579161538622
32 61 0.9030366652952984
48 43 0.7760364073709242
20 77 0.34781355722694074
12 22 0.2540051737968083
38 15 1.0150756721397547
71 83 0.8646117731939142
49 4 0.31116439676560714
48 47 0.591822479840417
35 11 1.069088827093432
0 75 0.9899376418638473
37 29 0.334058271403178
77 44 0.9929251323338129
91 15 0.5132464736711487
74 56 0.7293307315787384
82 4 1.0773594262290096
13 44 1.0150329549083374
94 95 1.0306279119260424
56 67 0.3544877494510028
68 96 0.5870772281020853
63 90 0.9316072595589966
2 61 0.6006249334852599
81 88 0.7477468221311363
64 18 0.10624909009726438
51 77 0.5882549262430331
77 76 0.22080343297897212
3 77 0.6998628430453332
71 7 0.39543177922241624
75 43 0.2183376322716605
20 72 0.9834633146198221
52 75 1.0576281042226108
39 0 0.8336840126658996
79 60 0.9761828501146556
64 13 1.0381698244498252
99 3 0.9595100133247334
12 93 0.17867307100607113
19 41 0.15782280133755514
66 84 0.5516671778453762
50 29 0.8732120142066584
39 65 0.8470905332430957
69 40 0.19486168104304794
61 67 0.49770401369571127
35 67 0.21025130252695426
83 54 0.6918472750291279
15 82 0.9464278436460811
76 10 0.22551391617174102
12 72 0.22993174028973953
66 25 1.0845532547140508
69 81 0.2963982958824971
15 81 0.49400061460573563
73 54 1.042146876432575
22 20 0.1008870072158197
44 8 1.0752036717059763
54 6 0.24966247734378702
2 8 0.27870122378197926
34 40 0.8583501454114763
67 81 0.2912794080886344
62 65 0.7081780657324924
57 82 0.7386074161895531
60 36 0.5155608012216027
56 35 0.6121757738244111
10 35 0.8888058361430654
42 46 0.6286332708830101
21 28 0.7514327842763212
37 89 0.45249111165318334
10 88 0.9458337746321408
74 91 0.83695074189931
85 72 0.9957250019847805
86 84 1.0415345695874507
84 3 1.0035729836156992
59 49 0.3396288829644576
21 42 0.9745661781625727
12 49 0.22268649211378946
99 3 0.8446474199247891
70 44 0.13779967481943392
94 25 0.8854645252576956
61 99 0.8458955825895221
92 38 0.4641606859330478
69 71 1.0785534459943167
78 83 1.0866891289401472
66 0 0.7748617282590938
100 84 0.18396349794447567
12 25 0.6214771251920942
81 14 0.9602615918703499
99 88 0.8980111468338803
56 84 0.8597763350632522
42 96 0.3812748118227378
60 43 0.9623437123493263
95 74 0.657464531110806
22 86 0.8480029889085624
83 40 1.016844047915013
57 49 0.11931705436516418
70 40 0.8542717384733577
99 81 0.16976171088731498
36 83 0.9735479592063855
47 16 0.7064656844599041
36 92 0.10024372937795303
7 7 0.2250385996955683
47 41 0.8364367550474137
1 43 0.4724742118825661
78 35 0.28839418134834494
70 11 0.8322658448225956
26 67 0.4515585173641067
85 53 0.22434011005076862
95 51 0.8607995597031692
54 84 0.9596559645152121
83 90 0.10510315416743901
74 33 0.9522107265385226
72 96 0.9998564671340517
81 95 0.7609191359244833
51 21 0.20241581818252244
90 81 0.270389583736075
9 28 0.9319485969391468
76 34 0.3923883117167285
26 29 0.5561470718216618
8 48 0.9822069244755954
47 27 0.47070136867219303
54 72 0.5871134340102825
19 15 0.7146859579822911
19 5 1.0036668767282113
37 47 1.0058271480045526
56 3 1.0322130727225818
88 74 0.8473823110121363
9 33 0.24883097305973848
46 62 1.0692017805261478
12 76 0.8845653475805856
89 62 0.5234623218075287
12 11 0.3272239992438075
69 42 0.4098551556383848
30 43 0.8767280820882939
11 57 0.4157720254145397
19 34 0.3211701229341829
63 81 0.81283287092703
81 3 0.644388158209392
24 38 0.3833318129817348
56 9 0.5450770924921153
81 99 0.38027331171182654
36 75 0.5781127964604955
35 51 0.13803437282683376
15 33 0.3086268581187954
47 2 0.7782365501620669
89 21 0.16341283921162966
49 91 1.0993685161706594
81 34 0.5362257892224707
10 92 0.7520304893800074
35 32 0.566691131936459
88 96 0.6496694355094761
81 5 0.5272293701525829
38 15 0.7559217942653931
66 41 0.1252487750152195
14 32 0.4590857681727841
92 36 0.8395843850100239
69 17 0.6054372478367639
76 24 0.7054585323862873
1 99 0.2422258442133877
16 59 0.8401863425679261
11 67 0.7631557892730672
3 12 0.4562276015897998
5 44 0.7584993184738837
85 39 0.2550930358365343
40 64 0.8642457891110056
9 97 0.6789177661144529
95 6 1.092710853255243
75 95 0.9558472197690276
27 92 0.8551311810712517
47 28 0.8133177078273598
62 15 1.0480762470237253
15 77 0.36569034252222654
9 30 0.7372932617994992
67 16 0.8906240576691385
95 40 0.43502081247510804
12 38 0.34611616621256047
48 90 0.30082934414600293
44 83 0.3942625513898468
64 76 0.8651616087434716
86 50 0.7841323221071029
17 86 0.9577944159868679
79 83 0.4286935703235085
78 49 0.6860069173266444
52 50 0.47582181650070887
71 88 0.74578385332049
23 46 1.0819867937980947
81 14 0.4290142073232003
65 68 0.800213299504143
96 71 0.2476895787744217
36 33 0.5280131891809131
52 45 0.5380226975790261
45 22 0.26979603370223415
38 4 0.6236549022536972
3 1 0.3051588151560084
98 89 0.26652773509991334
87 18 0.10178036077107513
33 92 0.9036824838481304
63 29 0.3196800214652584
95 37 0.9035353647493888
1 10 0.8057937159311133
68 98 0.20791518754396413
26 15 0.6680664297489178
36 24 0.5356329768787009
53 7 0.2796101747129133
