2 39 1.0061655579809
13 37 0.8403755193806762
52 22 0.6600368688400259
14 18 0.24906158292354377
33 95 0.9946821162439136
54 43 0.3717186605626056
70 95 0.10621924690431586
31 7 0.564722119517201
47 93 0.5188156961668997
25 6 0.8157545725366453
12 6 0.7003554121517755
45 42 1.045644469766053
33 96 0.8484640378719484
36 98 0.5098344203110655
62 16 0.4445392306546285
38 60 0.9411750358871424
66 13 0.37393125935129645
84 15 0.7654162150894268
10 50 0.43900985237493617
18 6 0.3863749630458868
17 69 0.8962200818940211
61 64 0.8262073059944337
97 87 0.4948756164575755
25 81 0.26302185378481424
56 26 0.5228192953320558
67 79 0.7516385079946423
64 65 0.15005479670845148
2 91 0.9923909790324191
76 82 0.19005730050968142
2 15 1.0332100694963613
91 41 0.4582201137417863
19 26 0.11325909789825508
32 32 0.8050631546903518
96 54 1.0896500637396895
25 73 0.9515395843619321
72 37 0.8879118208080744
57 31 0.9907164798831906
60 79 0.5466059177756392
22 3 0.42970203410684726
85 42 0.5939645671346168
64 87 0.7062842476451613
7 68 0.3248641449268018
93 8 0.16752003369862237
93 47 0.9493632577637308
48 80 0.31781969527911025
15 16 0.5583787680810319
55 14 0.6245856256167799
42 19 1.0556532624057924
57 49 0.7677656357400761
56 60 1.078150689453961
0 98 0.8905710714008934
4 13 0.5712894252448759
17 70 0.6290254378143831
34 22 1.0923268016560155
40 95 0.8832030314052328
93 84 0.33628207695732837
69 92 0.1672440776354576
60 43 0.6470922196275185
63 26 0.28726807066806137
82 70 0.8496543769058835
72 93 0.3600102758164119
38 1 0.5225954252967501
60 59 0.6739423422414655
3 32 0.78864255325614
11 51 0.9221591956286542
82 26 0.11425502835065196
8 52 0.7329687035687221
58 47 0.19817222559762274
85 58 0.20942240008122584
24 56 0.2583282011166015
97 23 0.142027910880042
87 82 0.26384408962316064
56 50 0.6840682765939253
88 83 0.19357157037221975
91 75 0.867396692205422
58 21 0.4296953148642779
93 25 0.42478593481078974
64 47 0.3216383196723335
40 36 1.0055967942310338
25 3 1.0018142990156385
60 47 0.42052951425467255
83 64 1.0503936134482443
52 76 0.2639003587257419
79 91 0.9274297169132656
24 89 0.5190907217601672
82 31 0.39730723788209943
71 1 1.0175741382231696
7 6 0.7988657977802512
57 58 1.0073776099257663
66 14 0.9171975899910528
75 42 0.35950708583568414
16 93 0.14336921679793505
62 51 1.0165729243768662
10 67 0.539964059519391
95 93 0.9847906984909439
25 1 1.099282181615688
59 94 0.6053182193223685
88 57 0.21742883579822672
71 74 0.19996833828632035
76 52 0.5595988460009477
88 42 0.40771353264553367
36 68 0.12293295492626258
40 72 1.0864351507112713
50 10 0.6502884722536113
79 84 0.4948069081958655
62 39 0.35851614568306744
68 75 0.8446183950965273
96 33 0.824042623155226
72 77 0.11796024321066836
69 46 0.4481173599078616
23 38 0.8565950207342091
21 27 0.9634520107512019
68 16 1.038883055030537
46 52 0.6378968233288238
31 81 0.5088567641123405
0 62 0.1886952264087595
30 85 0.2557052782292649
96 85 0.8529069954633524
74 10 0.5881503749636255
60 25 0.5236459082754555
40 80 1.0291110561975347
35 74 1.0616197734658799
82 78 0.6033520723335727
5 67 0.7252220450504139
69 15 1.0394959453867787
41 30 0.9604527061427459
64 46 0.3451211935179943
78 14 0.3965765777032445
1 84 0.4099439291273709
36 37 0.8660420765393294
31 94 0.3804769525826033
85 65 0.6370952150199486
69 0 0.6272831782372239
29 96 0.5325960395999106
55 66 0.948681935032574
94 72 1.0677624518281212
75 23 0.7506766079841134
34 99 0.2827036996937552
73 73 0.2950848249775597
95 66 0.8365739739931222
46 98 0.7903829189594608
32 86 0.3230399376886469
11 15 1.0455990878012738
81 99 0.422751688332599
41 53 0.431783539031665
56 43 0.8885569358635481
11 0 0.4753421954655749
15 41 0.755564962057948
57 20 1.0984974907831584
41 14 0.8678626968877633
29 43 0.6196067465151855
22 27 0.6876192548695765
30 49 0.5214292029574579
58 30 0.7019217133698229
58 4 0.5102284343120951
69 35 0.542965697065302
24 68 0.8784892662658342
0 20 0.2635557490522874
36 81 1.0380274028246346
16 54 0.11033352372219576
78 51 0.9157999241318979
12 72 0.19181835021688046
3 96 1.0679787779589036
64 78 0.4716862932848478
5 16 0.9709351390810163
3 91 0.7257126776755537
38 11 0.29851442341183865
37 70 0.47162341813024056
87 86 0.17725707213852362
97 8 0.9585773051380642
84 43 0.9864481065480109
54 59 0.6553369199990655
9 85 0.46897169194215504
4 23 0.8234924438622404
97 18 0.7296709801414194
56 93 0.182641570192595
88 31 0.12953369857442157
92 98 0.7973296173908258
68 66 0.423961069735986
93 34 0.31505082672642526
99 15 0.3808465046685655
87 85 0.9481150734567024
77 28 0.5350830838513457
85 49 0.5845144923578214
76 76 0.7350089261607776
30 34 0.22985486897484655
10 89 0.9211904461232546
6 26 0.3985572409231396
66 60 0.5222383728128862
7 6 0.7466078480596395
21 12 0.9014990749827546
11 80 0.8965957484441328
80 0 0.7070523220381406
87 50 0.9306033480728003
25 36 0.7905294115889444
53 58 0.45646602946503056
18 79 0.21994122113412476
37 74 0.38754753670621445
87 100 0.681854006680373
6 57 0.619610129370993
86 79 0.2113371492465457
30 35 0.9571544757266304
91 56 0.9240719898846744
98 52 0.6807469929079158
88 2 1.043827232654302
18 50 0.314265072881623
99 84 0.4271969442503154
81 25 0.9798775125289639
49 65 0.20630659964035816
77 6 0.19271193343419749
21 70 0.6057978954694097
45 16 0.16361505137204438
99 2 1.0733734081533695
47 90 0.6009438440835062
47 83 0.1497821865683752
7 73 0.29445447299462624
28 74 0.3714389038803312
29 86 0.17529887622612075
88 54 0.5035362876700227
27 84 0.6374767543232119
38 62 0.2778562219406777
21 34 0.36001552769201073
66 53 0.4553344624447362
20 94 0.39129541141342616
77 87 0.25436015102836285
42 60 0.15344641444329735
97 6 0.3576542415037688
48 34 0.5722309255568861
49 99 0.20425300292546314
19 55 0.37728802659483973
52 19 0.1825747413581126
39 95 1.0541361819853459
88 18 0.25251174856634484
24 38 0.22097076152180542
48 80 0.7828946370608769
10 55 1.0620181981255699
89 25 0.8598785535492175
21 36 0.10769790297747964
73 87 0.4705568706684654
70 80 0.7579794569348063
36 22 0.5498308537328405
70 44 0.8942623795728245
90 59 0.7446587986080213
60 46 0.6465543366201182
33 11 0.9655330520569733
58 73 0.7775148912480958
65 19 0.6777250105649273
67 31 0.3100754249090478
5 88 0.18409904671146685
63 11 1.0896547445459974
26 0 0.25804585133617175
80 6 0.763641872722397
99 0 0.5971827589856891
81 43 0.3516663219567516
48 79 0.6156234318972341
79 30 0.45487295576758024
48 67 0.5752072683514341
91 81 0.5014227999272435
95 73 0.40378998396900034
74 46 0.28222980880672977
2 33 1.0860647399100405
86 62 0.10514160966604338
82 46 0.8951732207216679
55 19 0.8654773152573612
100 32 0.8147275426099067
92 9 0.8363725267730935
1 28 0.8658539828327064
66 22 0.707048620792779
97 78 0.6309963390499487
57 96 0.8942622271788557
70 59 0.24545464059818314
53 60 0.5226624383501384
21 52 0.7848489259234582
22 42 0.15902391066801627
19 10 0.30362627852094537
57 30 0.6861420942258253
65 14 0.13231053668801254
71 96 0.30524776654826347
21 25 0.8446935259441187
94 65 0.3793327784937498
78 36 0.9707182594103589
28 11 0.7649279085257626
85 41 0.7840209355842747
17 39 0.5522589514516346
76 53 0.5206433946145129
32 3 0.5874821754440881
10 37 0.10602855919702028
6 83 0.6275924892236131
33 48 0.49439290640250433
20 97 0.8573004306560245
21 90 0.40494157884101767
13 80 0.9151203332965977
74 98 0.4153015304487059
34 7 0.2293340024677414
71 74 0.6537310490965557
47 38 0.9001664092639267
97 68 0.9491516592100498
78 11 0.8239519442015617
20 46 0.18190091945373368
73 4 0.8197270713166744
71 56 0.5749764204200577
71 21 0.42650331020308985
45 56 0.7396799324894013
91 8 0.7180728572052868
51 59 0.9191999529452893
28 27 0.8892794567126138
13 56 0.24753892449405382
21 54 0.4547224803810812
90 27 0.4726302295339653
67 32 0.46015868700442875
83 25 0.6428011700357823
67 27 0.412556842804378
78 73 0.7869785125887666
53 61 0.15410853473322564
37 96 0.24001907007809511
18 59 0.3440673374103702
72 83 0.17451545121644177
64 3 0.124901041160868
78 40 1.0587660930155773
51 56 0.2460188771368931
45 63 0.4725152290815582
17 70 0.7588371253839271
21 98 0.5225003989562264
12 8 0.6344713716970922
96 79 0.4761694474852862
4 80 0.6552293517547578
79 58 0.47267740984165085
54 50 0.36401667565113527
16 93 0.8757560311756761
13 23 0.5979613293128997
99 42 1.0887491127910136
20 43 0.9026050801925626
15 7 0.4668219271998516
39 76 0.7718346553823031
94 66 0.4887318533052015
100 15 1.0112432666986266
59 34 0.6303389608881884
6 96 0.907179487752307
100 39 0.41625944813562166
68 86 0.49924058409488925
16 88 0.9747664709472864
80 49 0.43354711440255
32 38 0.45876958907262844
45 17 0.3843000025190658
81 19 0.4587011739604747
51 66 0.6941863080719094
55 5 0.16842356200863232
39 93 0.2610712538015574
36 89 0.14628943919426432
6 28 0.2920207061133018
36 75 0.4877537737101536
3 89 1.059918834787401
50 9 0.37751982417035723
77 26 0.8929946426348239
21 21 0.6229223780706454
80 5 0.4592300629507331
95 25 0.8243661275266262
83 12 0.412388664450244
76 20 0.800856439595032
6 60 0.7361240257187778
4 20 0.983602759474923
85 0 1.0319915047595423
28 99 0.21831358470868625
26 4 0.5507454462529102
98 7 0.5074606438088209
0 36 0.736191091566846
39 81 0.6432021284300206
89 55 0.8462610873798925
80 62 0.11700749358102494
74 15 0.7187670968722255
91 58 0.6433921103374487
56 37 0.34637226820308
10 37 0.14965788267762162
67 12 0.5008346169624168
55 62 0.29927911873433655
48 29 0.9952327184140127
19 19 0.6988659849936406
28 48 0.6054765627835169
36 52 1.0389917429245197
28 100 0.6721222288952287
47 22 0.1510831007139464
93 80 1.0610256633195776
74 33 0.7780762404543757
34 86 0.9388989876880637
16 75 0.9645825137396797
13 52 0.12074297946406201
39 26 0.2818035363874245
20 5 0.5106772521063275
85 79 0.9801469219468482
4 67 0.7223740765914899
84 57 0.3070363200497658
96 16 0.4543386649652098
74 56 0.16697001198416797
64 0 0.35364322798558145
90 24 1.0588640403697718
1 48 0.3753169142683248
68 62 0.2384808642234241
36 77 0.4527675524783369
55 57 0.4819279860375574
59 42 0.9843245961466468
8 45 0.5896979966612274
59 19 0.2844689635831046
6 29 0.5620510638107636
97 10 0.8315469377610366
75 42 0.3828253623535314
71 76 0.6093320954807525
70 21 0.9340458730297914
8 60 0.39419133552701624
59 34 0.9766345170718193
56 2 0.3010768512684817
71 95 0.9979951022984567
42 83 1.0399370594097403
81 10 0.21541532707448743
89 84 1.036322637702435
40 18 0.8745376075612838
22 39 0.3003059131967796
11 67 0.7320835951210989
71 73 0.7775339278406826
82 26 0.5626061060709386
34 54 0.4868897054239444
95 97 0.7437572422730552
7 44 0.3650272074656029
2 80 0.8496764758148471
93 77 0.896279144441363
77 38 0.43215555295824226
44 24 0.8447449162279681
66 19 0.4750366665230401
86 77 0.12298159463469563
68 47 1.0335550518355987
0 96 1.064069220618838
86 3 0.7436420767760918
29 94 0.20455314288320328
18 37 0.5389486504484245
92 28 1.0237748162224196
39 5 0.6128508429386192
99 12 0.5771924006527297
46 50 0.3328568390269453
95 32 0.10833869467985582
28 77 0.6165862151738501
47 71 0.6461777890656337
27 40 0.8563451208128796
69 31 0.4456331438340023
79 0 0.44271394468188074
5 59 0.9172561078267577
96 90 0.7461291145090713
44 77 0.9095726926302913
84 55 0.5997421829903401
39 28 0.2368923913889968
28 15 0.6816793810385215
77 35 0.9547368806658201
90 8 0.15758322232334457
89 3 0.4236266389737745
73 46 0.5736706156737389
79 66 0.6582921872803371
59 24 0.487483835890399
84 90 0.3291933576951538
15 20 0.1567042778371626
37 97 0.9793021957518182
95 20 1.038734569290822
73 66 0.14843476010553328
70 70 0.23929245894985976
91 40 0.8498889232146959
87 82 0.1861817355124409
6 26 0.6137777495489257
70 84 0.5507618135553279
16 44 0.9532906816884507
0 20 0.49125360256973094
60 47 0.1979667286919912
26 52 0.20048409677746074
93 87 1.0770976569712976
70 57 0.2584857704959004
56 76 0.7894634686520913
38 17 0.5629081550986986
74 78 0.5592233097550919
57 99 0.1569809661868702
32 83 0.14197258468693366
43 51 0.6879531931741666
43 30 0.5511652020278103
64 43 0.9830078080656617
51 20 0.9576135269048958
46 99 0.18077233431176956
38 29 0.3139168876609977
44 32 0.21365781370084028
50 64 1.0129281520345632
24 73 0.5032125052590188
61 46 0.6859898587020101
83 36 0.7090562419528526
83 47 0.5051996654964603
91 83 0.12858009552020203
90 70 0.4475144737188841
24 39 0.4861360346147714
96 73 0.561096599377196
46 57 0.9182786649509269
53 41 0.23906943381018111
88 81 0.46459628775836526
32 81 0.6012518395548581
45 6 0.8195060456790684
30 85 0.7915744482862066
40 75 0.2834037467389482
39 33 0.25909842260441673
76 19 0.8295422567496977
64 91 0.21270871111910053
23 18 0.3815686039874544
95 80 0.6807296666435516
14 16 0.3206285810381583
21 3 0.9914915013078451
80 41 0.6091553343843442
76 77 0.2564934479039631
57 53 0.3408222233499667
100 72 0.6843539036424601
60 79 0.9024767768112967
55 93 1.0329213723910797
70 45 0.3391446103871216
31 20 0.17603885072458794
33 68 0.4240728661772858
38 60 0.5235083096536044
90 91 0.5705249749083939
10 66 0.12399667803912942
81 32 0.5522260358040842
59 98 0.3272991111761543
10 100 0.21898803982100593
4 65 0.45081177530780847
99 48 0.16672600784295724
9 74 0.11908472486610636
0 87 0.7080375167922367
2 9 0.7806722224340884
90 44 0.4453788773098788
90 82 0.8334375010000882
83 23 0.8674440181776817
13 6 0.7359234234408916
55 15 0.9294959545357205
46 36 0.1507203913200558
41 60 0.6667971406739743
46 1 0.312915567168489
31 76 1.0784121642382956
62 89 0.33258302863549516
31 56 0.6452014537559435
51 33 0.7163419879755947
50 38 0.7591561671576544
85 17 1.0054488211280317
85 80 0.6457888095578176
28 65 0.7370760201606698
74 97 0.39706660840608143
68 72 1.0016731018063576
89 0 0.8766049065092578
74 8 0.4303808868476522
89 80 0.6395743325408638
0 82 0.1056978801697255
91 80 0.9468636002688468
100 86 0.9494559182867235
63 52 1.0899620326842672
79 63 0.8386169819468678
36 80 0.9768865805625564
41 79 0.2955057322913993
65 76 0.28631779403996804
94 40 0.4919438037351067
15 6 0.23644057432657475
45 3 0.29052982688851503
9 50 0.4610571358472627
61 85 0.5254714930211075
71 52 0.7765356477530908
38 41 0.7080726079375175
24 51 0.49144383528503666
92 97 0.5816194233735698
69 33 0.8225491352630221
71 18 0.1675082921071034
10 20 0.19030028393976942
4 32 0.6709371453685962
71 16 0.18531252876701323
66 37 0.293724733823038
15 44 1.0025334205760392
44 95 0.6441431345809663
73 51 0.3414000059749055
40 25 0.20236564258594916
20 73 0.36695892084170956
76 78 0.48289362953849135
21 69 0.6321195345888593
10 18 0.9587668326236461
4 70 0.44958757429404594
13 0 0.3581021838287337
55 21 0.7561131475930116
90 54 0.43057906765770193
30 68 0.31128305191970074
18 12 0.18068000142451549
88 33 0.23669329734713032
90 1 0.8061169139176829
78 26 1.0028928642382469
98 74 1.0383554824394017
31 44 0.1680862435023385
0 29 0.9664332974354728
60 15 0.458645086192201
15 85 0.2960435597968293
62 89 0.2380857404052973
22 15 0.6145098432265311
19 12 0.5726768126942549
63 58 0.3721753541060926
26 50 0.8115923591494728
98 12 0.4027111167989894
89 16 0.7159508610297823
43 42 0.48126020145957504
4 5 0.2523780510077942
66 19 0.5704893926159451
6 52 1.0115059001256608
85 64 0.195120511926997
27 60 0.9352181352135516
38 70 0.8616666352844202
7 80 0.9121942721898868
15 4 0.7501804842459961
99 10 0.14189272700315983
45 56 0.6563996433261918
32 18 0.19143787730822573
87 100 1.0732699272243176
67 86 0.652524405879501
50 26 1.0011197603704751
7 42 0.5550268936473676
85 66 0.5799831383591154
98 68 0.4832996165545139
19 13 0.5368841727699727
42 95 0.38840696976672284
34 46 0.9172108552305059
1 35 0.4474381689865603
9 10 0.302989146776812
62 12 1.0843746688691414
78 47 0.8876558647832087
70 51 0.4172661359036235
36 70 0.4942717599022308
39 39 0.6331485948959705
64 83 0.809000094161116
16 2 1.009978342848032
73 62 0.7140892988748516
48 37 0.539055642142353
5 4 0.40705747540151704
34 15 0.29473023972711765
42 32 0.8203850424186773
64 94 0.6876519130209979
56 23 1.016172688740146
16 37 0.6773457497495794
37 4 0.4773748438179358
99 39 0.17150610696854654
32 70 0.8604877509939765
41 21 0.7751603414632322
82 41 0.5365581606987295
94 67 0.8911493624729048
72 42 0.7795893397098262
75 92 0.18047827128003427
93 51 0.6049589342420404
37 23 1.006438869596317
76 29 0.977199052197286
57 76 1.066124259173257
56 62 1.0927895361995206
9 2 0.2174887512158056
80 52 0.372479728869924
60 5 0.5991600251179374
48 71 0.25642111290058434
40 50 0.24205098939353134
77 49 0.290101178762885
87 80 0.5448780714298548
94 63 0.18875487805472982
24 19 0.7179693139812388
83 57 0.6869376591784886
7 45 0.3212121039596846
81 72 0.2200520850514243
64 41 0.8988943721293375
75 44 0.9294282904096166
82 5 0.7542907758940641
30 60 0.13852470282982046
19 50 1.009241319062999
61 63 0.8343923906039107
57 47 0.3297420474580175
1 71 0.539084796205635
20 31 0.6322124447827863
55 65 0.5259940140315144
10 2 0.7592559160837666
51 49 0.22233624026707147
72 3 0.554839173810149
66 40 0.28016950772151783
54 91 0.7893327996368383
79 71 0.4039762849256403
9 83 0.7774111899723073
1 67 0.64975735590766
88 72 0.21690504329431695
76 78 0.2172769998157004
44 38 0.9108636129635509
24 42 0.6752951767110381
50 71 0.5819101908149789
40 22 0.8978635441658743
19 13 0.5609721177853872
30 47 0.8571387012457586
68 28 0.4774839061843449
77 26 0.8999950426802781
3 21 0.7911991645144304
1 25 0.5769367493156792
2 34 0.19166385990473514
66 16 0.5350796294397185
53 21 0.2282095491541837
54 23 0.4029292916727615
16 62 0.24940905689465478
90 76 1.0178302872183609
71 2 0.6569929678265269
83 69 0.9218162655742692
0 27 0.5097982268446599
78 60 0.42298880990528764
1 43 0.12480223231470669
31 76 0.3784817944038691
27 29 0.4914550597755528
67 63 0.9215190971601447
21 48 0.617777029312538
71 13 0.15429184757113137
12 75 0.7908457791648841
86 86 0.47894105254713937
66 33 0.6897051864539064
16 94 0.34432159091419456
25 37 0.8605928462792802
76 23 1.0317191009252464
68 53 0.3706973018174534
32 55 0.4970893712484007
32 62 0.688560611046004
48 42 0.6614211777054
58 45 0.35398759683503733
8 21 0.47509092327060576
47 31 0.18041121848124367
9 73 0.4869434409015059
79 98 1.0091576934475865
49 98 1.0608467945320434
52 66 0.39884915527812503
11 34 0.3781081505290469
30 50 1.0029962590599129
97 71 1.0183489688014824
60 38 0.33865483406849783
74 84 0.7758696486013968
95 25 0.6809396983361632
75 63 0.23881794256077063
48 15 0.8267882199446713
76 44 0.8872881833913131
31 33 0.8817224131704444
36 66 0.8315636933839015
86 66 0.6057378092544341
26 81 0.9056738710370602
88 92 0.13505360749918463
5 20 0.8144860707360936
64 54 0.9728486621613952
68 25 0.6349038517230884
32 92 1.083950669540675
50 7 0.3385522333366482
45 45 0.632621887300652
21 36 0.19896668921171126
24 44 0.11900907689298726
75 66 0.8673841413149427
43 15 1.0809955729768597
14 96 1.0767786276720486
38 51 0.9164599577481227
35 12 0.5809653063372087
58 18 0.10672685398638918
72 80 0.6698411692144255
13 66 0.8582036094847453
17 39 0.9383720562632936
5 29 0.5759732659217575
88 85 0.4607404295195494
11 81 0.5737485296272006
96 78 0.5969234901432586
97 48 0.7124507453071031
24 93 0.9642209514874203
19 99 0.6612807063071054
3 59 0.15661757904518017
38 37 0.28302344952058645
55 74 0.2283271318803908
92 28 0.9113093058871718
14 57 0.9778872947779627
53 76 0.4264041114372732
53 81 0.24938092566561024
34 55 0.9218115370045452
80 12 0.6714882006163767
63 42 0.6753896182693352
78 91 0.33967141270197276
11 20 0.6755538734239656
32 35 0.8157712215250009
2 94 0.5599606823203838
99 92 0.8789715749019584
40 98 1.0481429055160338
2 7 0.32734890711435305
100 9 0.24211158634493604
96 92 0.15037075309934603
10 67 0.10262718236314264
53 18 0.9221854420124022
56 79 0.21427884245930476
23 52 0.8575341242673142
25 92 0.5601194661844198
9 80 0.9231002015868638
52 64 0.9067482058006013
58 10 0.3800459832589588
47 93 0.5596263679375251
90 42 0.7246104097119821
76 100 0.9252611593875452
86 9 0.9522330395087234
6 72 0.44019126374116746
79 96 0.5084928519176274
31 68 0.5452713233679114
3 53 0.5003441787325252
31 73 1.0270724853003466
37 10 0.9137953707222733
94 53 0.28509502236792295
46 91 0.24935723668917767
75 42 0.8319177207143764
93 21 0.7070414823739098
97 49 0.9700215269049739
42 83 0.7066534623016203
47 61 0.5089796250198195
71 41 1.0224539342675854
37 51 0.31431574358312564
91 51 0.3907862987163738
28 58 0.2773768788309946
9 51 0.3393053259820181
62 85 0.9098322775745386
10 12 0.489266650449495
50 80 0.10739041838057209
5 77 0.4524955429701658
90 79 0.9415279032292161
87 47 0.5495602045666474
24 7 0.33810194930746784
38 18 0.7934799906421202
94 54 0.7921038608072264
59 70 0.6493451060273003
21 32 0.3500260510646622
8 87 0.9305812189281928
66 17 0.958834856522248
55 35 0.6964339410207042
24 42 1.0259075343665995
31 43 0.3495305205435063
71 62 0.9144574167495462
1 92 0.5047704834512867
60 9 0.7903998736152383
52 71 0.9117250453861993
54 67 0.6889961541802252
9 39 0.8942184732549912
68 87 0.4912902883652762
39 14 0.6717596103096558
41 11 0.5367067628201043
53 26 0.7574602345701931
29 46 0.38291131926265953
69 59 0.6144783364832124
35 76 0.47665941427353864
84 98 0.435004591970767
93 2 0.1111419183876882
18 67 0.7441189781936051
52 100 0.2355819553087656
37 89 0.4673846375602778
6 74 0.9613874875077473
52 8 0.9068942094942384
96 37 0.49765643314561947
93 53 0.3353057945986917
100 40 0.5673419755159436
11 15 0.913223859113802
100 29 0.3844369885390069
58 71 0.9008017818655676
6 84 0.8331776812613407
18 15 0.3305448033592209
55 76 0.8214113929637449
86 13 0.32602415784128813
2 32 0.9969170881869124
22 25 0.44096815103025044
56 76 0.4498569116781479
39 33 0.9626207128038741
97 34 0.43730556955400157
6 46 0.7971863123118279
93 32 0.4272171654085305
89 83 0.9826160139716748
35 42 0.4373548942436286
75 73 0.703791503873065
58 35 0.648814980433835
38 24 0.18072123182466351
38 5 0.8579901451491635
11 71 0.5364296332047082
17 44 0.7249888019981305
89 94 1.0047365078366242
8 94 0.6958517652920516
37 47 0.37239259070057906
66 89 0.7491582575908792
48 35 0.8170242136683731
88 22 0.3774339802877975
70 44 1.0706562670176296
76 94 0.47148860413086635
66 25 0.8701507971937154
8 84 0.3805452330849306
59 77 0.6280925539034425
2 81 0.1981452030436758
82 4 0.7830368293963993
39 22 0.6468203354900537
50 57 0.36533772212546
75 68 0.26111689082369005
68 74 0.7483611372439058
26 3 0.3270924314927516
8 89 1.0968992561217403
60 88 0.31648700873402713
72 82 0.8194628427546242
25 82 0.3832766746180918
97 16 0.7154817955414621
49 11 0.1419269227939776
65 91 0.23312289478171702
28 76 0.8545323733131305
47 88 0.5673723461772867
72 47 0.5925800030845949
6 72 0.7780599372034721
68 12 0.6153328458825869
19 27 0.22433728136883238
10 18 0.833531288182076
9 29 0.15039050807267632
68 86 0.7990303665223476
17 17 0.7677611538716331
33 44 0.3638777062036874
14 25 0.2731491216644557
98 49 0.5905826427357661
31 59 0.8485889054653744
12 95 0.469364040714334
35 45 0.13090308819631127
16 97 0.8009053817473268
85 61 0.23113807406410616
1 88 0.7861462287946382
36 60 0.6539723609021055
80 25 0.12906343791802358
53 22 0.6303345498721035
71 23 0.5570438722747557
21 22 0.1145151339717653
53 63 0.5819890619855369
66 26 0.5302238195440651
47 75 0.7868292253387624
48 53 0.27662417365584335
95 68 0.6660132100788031
9 88 0.8538053874566419
52 17 0.7710787094780592
54 65 0.30332008677085265
47 56 0.827705821641335
5 87 1.085032196250785
89 82 0.8314152708935512
71 89 1.0684697098219824
76 97 0.23566088913460495
77 17 1.0633037515107
22 53 0.9844152242820302
84 73 0.9358291731414109
48 76 0.35647934077098087
18 20 0.7032959726047737
68 3 0.6292834881790342
27 53 0.8160678969582491
6 18 0.6203869310925894
67 4 0.7433953041022768
50 95 1.071173356926279
100 65 0.38062795379029657
26 30 0.7533883637134082
36 72 0.17056756409602106
88 32 1.0682552358169948
15 93 0.10730405769501564
88 67 0.5070231841636658
41 85 0.3959986889303446
20 25 0.9679123915007647
34 25 0.12429176597178729
53 28 0.5183263278544828
39 94 0.12461415111807542
45 42 0.2784323210581149
23 20 0.5682052536617579
63 74 0.8444214914240907
0 62 0.16149005779575434
87 56 0.14173353153802207
18 76 0.2755917638089904
51 5 0.8899347122497163
30 100 0.6426572468113718
2 45 0.5687864084245016
27 81 1.0097217775316576
19 53 0.43922137417552465
51 9 0.588001701871234
21 3 0.18662667810517367
83 10 0.26602425527225027
90 26 0.29039285776267243
33 83 0.2884386269999447
47 12 0.3405889820550819
20 35 0.4098834724689763
68 93 0.15115690403667018
66 65 0.9224962235954646
32 5 0.8032644680093824
29 75 0.9004652417335757
41 46 0.9001331386521193
51 42 0.12557067291464533
69 38 0.12143373848201258
69 52 0.7557180184528316
69 44 0.3443064546202459
59 92 1.0799922175585477
80 4 0.30789295679759243
94 100 0.5539460254495688
68 88 0.701016268638241
16 19 1.0372070025063795
72 4 0.5592185944629664
59 5 0.7646783857328878
6 64 0.7926538552378888
29 94 0.678850045251366
64 72 0.36711126546943695
92 64 0.11622444229458542
2 18 0.7739710373336859
4 52 0.2718523018840252
4 59 0.8641129656683862
34 20 0.5091839626994785
91 87 0.1448439987161432
82 1 0.6033520723335727