27 20 1.0228531383171675
50 62 0.5686538964509715
86 62 0.3089878479804067
95 98 0.870867080463767
75 35 0.798212109390695
56 85 0.43870418952732804
57 67 0.3249568444424019
54 39 0.364521673926926
33 28 0.6005808679147369
1 93 0.928098342850517
87 41 0.7019061968064992
76 89 0.3307098969283092
9 53 0.4907512595643001
22 65 0.4879301214069671
100 89 0.7203909319430096
18 68 0.8405884931131349
95 1 1.0258773699725479
34 2 0.758564527709392
94 15 0.3111235563690812
5 76 0.5370722058913737
95 66 0.6186758505250488
52 48 0.14052029674772162
54 62 0.9564189607817841
73 42 0.7210850130137927
55 20 0.24124871704750542
10 68 1.064717754861765
15 39 0.1631392520450207
14 34 0.8905068823465775
95 87 0.5919707533664396
65 70 0.9604948586447299
98 84 0.24842019961766984
86 54 1.0459204307904995
71 9 0.783522179614242
32 17 0.7868643385588884
68 55 0.44139805350807293
12 52 0.5779987115222263
75 5 0.3264416128429567
69 8 0.540651843615513
79 87 1.069831899347838
19 31 0.5759481710663132
33 75 1.042587565437896
54 92 1.0920557720781323
15 61 0.9562722610186062
12 36 0.4640309253039542
74 80 0.22597053460875574
82 82 0.8799972104688338
87 100 0.8564312639177516
4 87 0.6056994979024694
47 89 0.9467805245897688
58 4 0.13263410724197913
7 44 0.3949751639623479
67 60 0.637635839331846
25 83 0.5811757815411478
53 33 1.0399946893268208
81 42 0.289267759146418
73 16 0.2037909925749021
19 16 0.30373051760033
70 72 0.17726249444022582
16 57 0.8800823115628374
40 57 0.12245160190771079
55 73 0.19426784066382177
92 47 0.8454571289836553
71 37 0.332256975792688
50 98 0.5751678914243856
8 98 0.8811300125225734
52 17 0.4389469221116452
35 25 0.7234190764533388
100 30 0.7819973868451242
12 91 0.3117771697705545
14 72 0.5052365634951579
81 57 1.0001317753816377
34 48 0.5125927747738362
0 10 0.19848112631123263
56 68 0.8186632394221729
83 8 0.6990392851679925
68 80 0.6895227513419077
87 67 0.7607565562143719
91 16 0.2834179619308266
100 5 0.8301497438232435
22 72 0.7137291123599864
32 8 0.4354998029875984
90 100 0.16623239682422866
43 42 0.8943426843833557
65 86 0.5106397053357156
38 11 0.3347394442603747
64 100 0.7858474115656486
43 93 0.556339706599285
49 73 1.0322165570879447
46 36 0.7664913260319952
85 74 0.4265880713441016
51 90 0.27927027914644664
31 19 0.9113737306279217
30 15 0.10894905267616575
45 47 0.12137340775460251
70 83 0.6970294452026845
100 53 0.2783133620078668
33 58 0.35684434796833087
96 95 0.4004253771325147
96 27 0.4183910118334392
90 3 0.7298129037785759
40 82 0.3802850724522612
23 37 0.1289331251143934
30 52 0.9871300157345394
88 70 0.29979906917453414
29 73 0.9335389981702013
30 51 0.4768150388778897
91 21 0.5282786806759346
2 1 1.0995267561782396
82 28 0.38431716717817144
29 13 1.0647932835604674
49 93 0.474868285675624
32 79 0.910040992403245
74 92 0.8281644285899213
82 42 0.3068852898923339
0 85 0.9426998833317731
5 90 0.6488272106483219
52 30 0.5334541606922596
66 54 0.26569853366873863
93 36 0.9145725089104685
89 86 1.0318318220209688
76 30 0.9491662225473267
15 98 0.9991996612976052
54 33 0.9201235746470718
16 93 1.000543603451206
32 76 0.40734414902888094
14 11 0.37220829897054697
16 30 0.8427544307962378
29 36 0.7271643618573111
11 30 0.5851622937708962
75 75 0.9636194051384745
98 77 0.5619770670233938
16 95 0.21715167279649242
5 66 0.9124077240081985
3 70 1.0887250363114085
66 23 0.5356574805717239
22 55 0.322214335061777
71 40 0.23792648450462286
72 4 0.2560720027860677
23 98 0.4161284360133115
83 35 0.30101780622497953
42 53 0.281409360985469
85 40 0.398499916358645
60 2 0.6796509113374998
26 28 0.953857704991745
85 93 0.8185287383138631
98 89 0.3242535052447709
57 2 0.8044784904212697
13 74 0.8371048857699144
4 5 1.0877770144739933
28 93 0.8747132923316572
60 27 0.7828343954365511
1 30 0.3922062543192948
99 15 0.9735600428714751
4 0 0.5949811714807726
83 22 1.0843740699705897
15 74 0.5988668985808313
16 90 0.8257817026010634
29 6 1.032649998201716
75 9 0.8032734212197337
44 32 0.35422737525189507
75 30 0.7320651171439393
83 21 0.6299831650771579
46 13 0.26608893729366057
19 76 0.5714807469226492
92 70 0.9765168510011705
21 43 0.6972205008385836
61 80 0.8080580389264799
31 37 1.0675418269508041
65 54 0.5150734029763385
48 33 0.1292193562448051
42 22 1.0750059426992007
6 94 0.36926651715864833
8 62 0.6783690237460833
59 65 0.7214086449038457
19 54 0.40334868563748594
46 53 0.6605803356366401
81 68 0.1587306152328333
94 9 0.5298094518288524
62 79 0.3723028244081319
7 81 0.7097819436056259
10 1 0.22737941088476146
48 87 0.5655890293877647
5 82 0.5756304511653769
85 8 0.10496159387479312
0 35 0.33858979400616296
31 41 0.47630847045058533
6 79 1.0263829965177869
34 51 0.6590485885431723
88 87 0.10360559124929394
51 96 0.4394987729789738
60 77 1.0965469827131678
61 52 0.25984634289138697
81 47 0.7480906726608554
6 69 0.677028477656974
12 35 0.321348228107469
30 82 0.5435258035615799
18 95 0.44367331780403174
69 77 1.0440505084204235
58 12 0.30434028150139525
46 17 0.6735863860982848
34 73 0.5564715735925531
65 75 0.987594583711272
65 20 0.8667029789387661
60 58 1.0855661151888525
56 46 1.0975359997212761
58 77 0.3025672159308732
59 64 0.5937161822527014
1 4 0.3903918813720555
57 37 0.5430042077968439
66 60 0.6000274071111414
53 29 0.6494135632093714
35 62 1.0493364826232605
65 36 0.5192895711406885
13 67 0.9887350230612204
90 53 0.771205250607753
85 69 0.20537510351307978
65 79 0.959713529663602
51 73 0.14996029872566222
39 38 0.5740753512586069
42 63 0.8446771315307267
77 11 0.669070652896623
84 53 1.0107159038809579
30 71 1.067059528903371
50 66 0.22421989942562684
41 43 0.1421568527899523
8 48 0.5797647955119616
40 51 0.4897834710989074
29 67 1.0771244352659723
18 27 1.059296026615469
9 61 0.44372589041988
98 35 0.409099676280677
31 7 0.3813750273790546
80 97 1.076350321158896
15 12 1.0673813041779234
61 15 0.17695597826827406
37 97 0.9489886999018917
76 9 0.2960287264742164
40 45 0.7757316626885504
23 66 0.9962786375762094
88 1 1.0374954654698918
70 84 0.9036576710316726
69 16 0.4021595212450424
93 82 0.6158367496193115
8 58 0.3182853892252413
62 87 0.44565525814211493
79 50 0.4484825214977609
8 41 0.7321756595152551
6 97 0.6491280839710308
41 66 0.9842727595386476
43 36 0.5782866598292428
67 80 0.4381090769322269
87 79 0.9553542695798695
2 41 0.972818707099164
3 85 0.5442303774899109
69 45 1.0320031807436858
43 46 0.44782397286595066
71 82 1.0674363379727576
20 15 0.5487831499543917
11 90 0.8061646437073899
66 97 0.4246262282802725
73 82 0.5322492534031078
72 1 0.6314975756382138
98 37 0.8674293207389944
63 8 0.7070041963001179
75 71 0.11948945698675764
72 89 0.4267863144118492
46 90 0.3159800330575473
91 6 0.4244536788250691
90 94 0.9946207586035747
58 6 0.8528124479558908
37 22 0.3121722594693157
78 92 1.079845574513121
98 85 0.23421183340750742
50 85 1.0551542910521992
27 22 0.9264265721461701
37 33 0.6501878245445275
14 78 0.7185887220462278
69 6 0.10167068389850689
71 54 1.0046279564946545
15 96 0.7598304638304942
77 5 0.2920023909032764
30 91 0.683530625151559
83 40 0.8267572066655068
59 83 0.49546037252359365
18 49 1.0178123276214903
78 2 0.7864828276458337
77 74 1.024153359025116
88 59 0.4342083988803769
94 78 1.0980762606640557
50 11 0.20553047691467521
63 93 0.4259221538560999
94 82 0.2934887633786373
8 83 0.3366931911897384
24 48 0.31801723616734345
34 93 0.9140191032432586
53 0 0.7169423084175361
98 66 0.11261336328784236
55 77 0.9261227350397464
7 0 0.6274927084120411
26 99 0.4076626713557292
23 72 0.6166130734111729
59 78 0.702478298387471
26 24 0.7916064176627222
13 57 0.583621015965374
63 48 0.7765213592747007
57 79 1.0915547194011437
41 20 0.10497976781364385
49 66 0.8019345052686627
27 79 0.48468286396231974
23 69 0.9224263223912007
42 83 0.8248947146770591
81 55 0.9601084515732525
88 33 0.41709139885452773
47 98 0.8362031493277502
51 18 0.41514727314230304
54 31 0.24480178934346256
36 84 0.36475993935316886
27 80 0.7201577880229888
87 99 1.0823929864418393
93 61 0.9752134654025246
25 64 0.450405759677474
97 8 0.9041498465820182
74 14 0.31795321831822587
8 66 0.5261198910531623
73 55 0.6593670655233296
36 22 1.0891866554527978
16 99 0.7648184510337063
78 45 0.3148990026248879
58 50 0.9096727777944692
16 95 0.49925040026549294
23 88 0.35029316556513923
93 76 0.8516296551282879
55 53 0.8869214278861226
15 15 0.14831613139888436
6 43 0.427899885056677
61 89 1.0725782811852047
33 53 0.41862198460992894
17 85 0.24579392320392815
34 30 0.8915964217017295
73 39 1.0995586447358054
100 60 0.3433823154751431
79 9 1.0876662893680107
37 89 0.6716057552485075
35 97 0.8040506139836102
62 38 0.49971117287548916
12 55 1.0288165213273361
19 42 0.9295213556777878
49 91 0.45332644111477427
62 99 0.9877642837759729
70 48 0.2643080230571224
59 38 0.6160089186746462
52 1 0.8699466476534252
52 41 0.9373197630285053
68 41 0.18929546620698448
61 98 0.1939565331518968
4 84 0.11900806887938056
56 76 0.5155052104403577
29 38 0.2574497293623844
79 5 0.6287479508280014
34 21 0.9767348062628785
8 13 0.41449956902022245
15 81 0.5537459470590815
55 21 0.10333179421338404
51 15 0.3043852701230274
44 88 0.8112780013556776
73 5 0.7120396024238852
56 3 0.28702608144023956
20 88 0.7836659590668675
72 21 1.082172293657805
47 59 0.8981023051974913
56 83 0.6740137729001904
33 94 0.619650447903876
96 40 0.9936044778420078
24 82 0.8039675830764688
45 19 0.8107255673372129
87 86 0.7979871305799431
33 92 0.937991314652083
14 82 0.7141180647522599
90 6 0.23825881443576571
23 79 0.5382923344424243
42 18 0.7073990118091374
51 87 0.3226149688501495
3 83 0.6672677300957005
37 49 0.5994530595712414
45 71 0.6690558871378777
37 68 0.5167792433483455
82 32 0.31956246678178346
94 38 0.8574666682970279
50 38 0.920529341394094
44 30 0.8837557377946464
96 36 0.2628966573738408
38 10 1.0667700419652564
66 9 0.7521208034290401
32 87 1.0061417393357022
22 71 0.7850125241981126
5 67 0.9375551719990082
55 46 0.11323456479213226
48 94 0.8944686399797418
75 90 0.5715298393509631
78 7 1.0100999223502203
35 3 0.5064113251461346
4 23 0.5588277483180036
90 82 0.7626248086115703
72 39 0.8295166938962532
21 88 0.9946909470664188
23 0 0.10533170336255229
58 5 0.6729069751613431
38 56 1.0718405101792308
65 36 0.8375100660716378
53 76 0.7631275280955867
11 99 0.9716558821534552
68 47 0.19432780829215338
67 29 0.4869753638625104
80 90 0.3891518004735274
34 15 0.40535355864675804
98 20 0.433228693488535
65 99 0.9063860604212151
85 13 0.787751269218794
8 90 0.31048731128927176
41 39 0.19893906404507747
10 54 0.3779383813534548
9 48 0.9103600336235602
79 75 0.23807192088529086
67 67 0.7159091369031367
67 65 0.14344347574317776
3 67 0.9683955427322761
86 4 0.3652435979932035
78 67 0.3786042895336992
32 2 0.5678529425993804
65 99 0.7391176878933351
34 38 0.22458371154632054
39 67 0.7835783568037139
6 64 0.8902666897602649
19 59 0.20433447817413722
59 54 1.0560914957096554
69 27 0.4190908319077836
28 40 0.5062100417739531
9 7 0.9102454853170515
72 35 0.20082153189263544
61 56 0.6393835427543527
22 0 0.32073839971846263
41 76 0.9875909647323192
50 65 1.072566366584999
73 6 0.5927445412905543
54 75 0.9029484249858432
26 51 0.5015589546878794
65 10 0.33926314005288727
33 94 0.9803823252525415
80 55 0.18658891979604889
71 15 0.5463121884306806
58 6 0.6411445009788125
31 39 0.9864841631497538
31 6 0.9609728628230337
85 12 0.1702023036869427
11 9 0.992194039080647
37 54 0.6427969790193242
40 27 0.4209802026117728
43 84 0.9851511482809555
14 60 0.3223807038690911
47 66 0.44806112582844904
44 49 0.3566489764390942
30 87 0.784146073155921
99 28 0.7641294290401561
96 18 0.7261728865138515
29 87 0.3788190612553244
33 48 0.37371755614324664
20 11 0.21660135311034526
7 61 1.0399985449737146
16 83 0.5355147526347044
35 72 0.6169080786531919
93 55 0.27143576434436256
40 91 0.8865064001124228
81 96 0.8841747312962364
80 72 0.578969411365484
63 60 0.9198492320999007
45 64 0.6574477898514652
7 76 0.49867537857174227
25 66 1.0026146114834786
94 33 0.5338089786208801
35 39 0.676839534166442
31 84 0.8795223418806162
27 31 1.08846971380797
26 58 0.32321597170914407
94 34 0.7493338665229691
13 45 0.7984659072346475
43 52 0.5573575452958902
14 19 0.18139372803372814
40 87 0.2967629453784606
8 32 0.5974954087249599
0 97 0.5852701273992145
59 2 0.6173132984259941
77 85 0.6175717650152037
25 81 0.3172190602932503
10 65 0.7593978492134386
45 69 0.1389224499173192
98 17 0.13184492867919576
66 74 0.7503680204248029
21 89 0.18535646654795393
15 39 0.56025252190421
63 53 1.0959253422693633
70 15 0.47012800907244534
91 74 0.49824650204731014
48 68 0.9301764736168507
62 38 0.1071432898629007
25 55 0.2051135289958436
23 83 0.9368263719735637
68 63 0.39550134372360657
17 41 0.973537524017296
90 76 0.8384167547351798
90 99 1.0288415889463136
53 93 0.6470169144901615
99 57 1.0558089793131091
10 11 0.8183591385276866
54 31 0.4962650196299484
48 0 0.8501690728887263
10 17 0.1925697407847116
30 87 0.7881953878464842
82 62 0.30818375276257104
35 79 0.9789820169247838
7 89 0.7719889339977707
29 47 0.37434523695634603
48 75 0.4541333682401185
26 3 0.7446612712654439
17 53 1.0120950519707015
25 18 0.18000750092923049
3 48 0.4182009661267191
60 19 0.9561290317668252
51 0 0.998820542725079
39 61 0.5194113240588164
82 56 0.45023379913479933
65 56 0.25203831185131476
15 42 0.6812679848241926
76 89 0.6682802470727327
39 15 0.4001802082023449
8 49 0.7063820802788546
37 64 0.6305305912138983
85 31 0.34537889249880716
71 40 0.7464043084654717
87 30 0.8089811953415349
41 92 0.8485785073783219
0 14 0.20758239127323733
14 21 0.3432045261650266
81 42 0.9658736708394097
77 28 1.0514145691870076
18 47 1.061400218525087
56 14 0.1552909113801815
66 19 0.4014742632601277
6 10 0.25787607697746706
88 43 0.3089059623575475
9 31 0.2561206657816445
97 25 1.0361872732152762
49 74 0.51679134543694
50 77 0.8138350375585071
11 24 0.4791164863962205
44 68 0.9957303649909549
72 98 0.5488312770649524
87 39 0.37949618908653016
69 98 0.9705586658140186
52 55 0.4175064372344217
19 75 0.5639741200209338
13 92 0.19808010294196712
82 46 0.6002617597353274
30 24 0.6326907314964898
52 80 0.49015129151082215
64 5 0.1403061139076819
10 44 0.17884718743156638
37 85 0.5885435478988309
74 14 0.3599854939358976
62 93 0.7845861235590653
74 59 0.3055054743258324
42 87 0.45229274441363543
89 36 0.34185146977161773
46 14 0.5233673472374611
20 92 0.12028624193349016
56 80 0.35034402593340375
56 27 0.10885257800869755
5 26 0.6992070089267952
74 78 0.6566404429073273
84 41 0.4754662068419908
19 10 0.555989852902713
20 13 0.7332340609549398
91 57 0.24392131904330464
29 62 0.6615063821178215
56 10 0.5653696321626531
95 31 1.0005505810293711
3 55 0.1538028031627894
29 85 0.8150760239223406
18 89 0.7203382842039722
4 48 0.841906756610212
1 66 0.12271227256345865
12 73 0.7481249782442355
21 93 0.43781179845221607
76 89 0.4176532223116015
27 51 0.8375461772707758
86 54 0.7642394519825884
98 71 0.8613806597887055
84 30 0.6601192770740043
34 4 0.5244260157376578
10 99 1.093772067408653
2 36 1.0466473615584295
60 85 0.22885101309128444
16 46 0.6805083276212576
75 43 0.5680136439338235
51 49 0.7523199145597003
95 16 0.1627327029502507
43 51 0.9854039241677275
41 12 0.2708666076345426
78 80 0.7167036071066026
10 18 0.7021510027564581
30 1 1.0537883746227117
44 58 0.2476233625114044
25 67 0.9172992429289797
55 68 0.84651409883612
75 45 0.3810686171369093
5 54 0.34462460382579285
97 73 0.4081249030524047
33 50 0.32038438288769566
82 99 0.807895834492964
70 66 0.10680321740108048
1 30 0.7779805422270956
15 45 0.8825639323405372
44 30 0.6664740764931991
3 30 1.012818711072764
41 68 0.4682851168702219
41 68 0.39466127762980974
19 37 0.9028856505378031
23 92 0.15317851298050003
13 96 0.7497508886506559
6 62 0.14978911354283356
36 71 0.5007722519151406
97 34 0.14106724894840353
60 90 0.26806653913323386
48 20 0.9221917160681542
2 87 0.7519052187810729
66 31 0.9275713357767149
77 49 0.2307831567763409
51 53 0.9678317071158504
58 70 0.4686715933231943
3 39 0.9507524923876884
52 26 0.639204371507392
5 84 0.5862818699943194
99 43 0.3118228978803751
19 1 0.4252022155161346
96 91 0.4470592580876792
34 39 0.10446604097951143
87 39 0.39854544458343477
62 25 0.9834447481960095
51 91 0.7662017633803636
82 92 0.5884555808567932
57 25 0.316755213359852
62 15 0.895267424753963
18 100 1.0055979457448903
10 96 0.7282854556731745
36 52 0.16214372831092397
29 85 1.0222310712198375
61 9 0.8806248630848138
91 85 0.8142065692985465
73 33 0.8301138526647015
8 18 0.46447449271931971
76 17 0.9638775259177641
75 39 0.21511744793758228
82 62 0.6092597717296525
25 80 0.7681393684176497
33 58 0.8386542184855609
77 15 0.4427137720425225
50 38 0.7982010629653442
16 90 0.938064436369148
49 77 0.5240523237714669
15 24 0.3881654125911487
98 12 0.36813874138753344
39 16 0.7349140277654242
41 23 0.4203514264660738
35 93 0.7976220543278282
4 13 0.36851633801052686
65 52 0.7779840896691173
69 57 0.2743514968180618
51 81 0.3389446337934837
66 30 0.601584422987833
52 25 0.9914950568434989
84 14 0.3231153819080924
56 85 0.44053486591763746
8 69 0.5236639963259463
55 38 1.0586435718567637
64 37 0.6662785778650361
92 71 0.9448217546606358
10 14 0.8431397028694803
100 64 0.32911466612258866
88 32 1.0404555507419153
30 38 0.21428601399460603
88 55 0.2368485510072618
14 38 0.18790055342920567
3 3 0.6329511126954163
77 70 0.6721463485234839
8 89 0.9785105135479026
35 92 0.3212706168204772
15 77 0.27703257468286957
54 92 0.4657531395700726
86 5 1.0167608899897087
12 67 0.3326764162633167
75 100 0.5310784149729159
83 96 0.1441404311345759
83 97 0.11491424610654025
62 81 0.13780324324404894
55 71 0.5163025221585917
43 15 0.4214312159015927
3 14 1.021943732977071
58 82 0.5005381135829909
9 67 0.5487550264247412
16 38 0.8547482436791881
90 13 0.6273858444057676
83 24 0.4848864053015166
88 64 0.6954001568706704
35 77 0.7557244647015724
7 39 1.0596640194595606
89 47 1.01215474967368
22 61 0.7280349949483174
63 34 0.48678960852232356
13 10 0.45729587012379036
17 51 1.0491794608794591
12 59 0.32521742814768484
88 21 0.21087420201550913
40 76 0.4854418316985667
25 58 0.6516310910941234
95 11 0.5613291084082606
89 7 0.22948241420122154
45 45 0.8321906903278158
82 78 0.3789012918980067
80 61 0.9327189101517168
33 34 0.45972599686561744
100 39 0.10525716801280297
95 52 0.46075663526923105
78 67 0.16388057741739284
73 49 0.2030629396846552
62 41 0.12808741128536363
46 78 1.0304486734004148
94 5 0.3788619351301096
87 42 0.2760717335505013
77 43 0.6502065867674653
17 64 0.33960274995989925
29 45 0.3038357186649956
5 81 0.4660548710120339
86 16 0.18942566297305943
2 7 0.8072622177944682
100 74 1.0089664230943465
98 74 0.9984438628730222
57 35 0.6451568733851006
0 53 0.7289270850185235
28 49 1.012608692985745
42 4 0.32136905639528823
10 95 0.2906210724840459
66 76 0.4026399191237733
6 78 0.5540159040137611
58 7 0.4251635403598505
60 53 0.36822792223372935
58 24 0.9342159377349414
71 96 0.9155815202358816
8 48 0.8311287327279182
79 79 1.0368060662447882
88 87 0.6515961582743223
57 21 0.187765621825315
69 72 0.9558577427839167
20 70 0.7137491765818783
33 23 0.7935319253277405
26 22 0.9027527651923275
46 46 0.900797407704815
55 0 0.7976339024716391
17 86 0.4447869357690315
68 69 1.0087675372392737
45 68 0.13056151286825382
61 57 0.9717263087066551
76 100 0.5052664629155705
30 81 1.099908391582835
25 74 0.5772096770657635
100 46 1.0216653213026103
76 29 0.477331622602028
63 75 0.13659690872273714
66 11 0.9592647536940562
17 87 0.8528254950600385
51 41 0.7616674628060132
30 57 0.8868318331465214
15 67 0.7202727925763504
42 40 0.527067153801124
16 19 0.8551459376306598
83 58 0.884605917255719
18 62 0.7832867675867309
60 4 0.4109135327150517
45 18 0.175771081494749
93 85 0.6673590485205061
98 39 0.6015320466746874
63 57 0.5564062297731448
84 84 0.7230311206662137
73 4 0.43056686075591444
66 70 0.2277188940740892
69 64 0.2968745430668226
78 42 0.3790906582511959
56 53 0.4307316883454363
73 5 0.3039917689350602
88 68 0.3404161467588117
96 36 0.42964549675056596
40 21 0.4595728875212942
