23 44 0.2464686184947035
62 94 0.615954410113272
47 12 0.37449263405971633
82 97 0.7105800270472675
6 7 0.47242652656322337
96 34 0.38652107624764953
82 96 1.0140580506268282
52 62 0.14789693047410116
57 69 0.5693824365592303
15 3 0.3604022535894018
82 17 1.0959613843001212
72 31 0.4218401196304927
68 80 0.5893778186752404
52 79 0.5979200258952923
56 88 0.19004780176072003
27 24 1.0425958851050865
33 82 0.5559695909100552
41 4 0.6891968795276024
69 52 0.8630196733825471
24 34 0.5761822921733438
0 74 0.11276813912459041
28 46 0.2738372498667566
71 51 0.3371284498154228
75 91 1.0071531456314797
90 14 0.3601125052288614
100 67 0.8793548693127732
0 88 0.5940351673799346
78 21 0.16304406128393625
71 12 0.9619681788370213
74 70 0.1726997529220912
69 99 0.29002882614013803
50 3 0.3319711877184651
78 19 0.5159333978237809
11 56 0.5817067951702439
31 70 0.6181942808959686
67 97 0.6852554275112077
77 38 0.18299860362461065
15 62 0.5454665308186614
36 89 0.7944365847639039
29 23 0.9071661419677065
71 97 0.8304196639538994
10 81 0.13855592651549056
46 52 0.8603756500720894
13 68 0.3020652788924131
34 21 1.0984755525688257
63 33 0.8504994287340699
1 36 0.832578337839672
80 34 0.49279429272459574
65 33 0.27648169450049576
12 27 0.24152204740206676
23 67 0.35490462506014664
53 85 0.8366630916884548
22 80 0.7071163287175516
80 45 0.41080807545700293
74 18 0.6846022865917392
79 64 0.4277540090820847
87 73 0.22257802814700814
59 89 0.20270361636056491
85 90 0.24418407450747395
66 4 0.21806688668514254
99 65 0.4031815048565919
19 52 0.12095903058761118
22 3 1.0592598530212427
32 57 0.7114486683433837
89 71 0.7391289945039953
51 10 0.27886119756677563
37 37 0.699373097248787
76 29 0.21263437691077616
98 73 0.6140671124124911
78 46 0.3685465395195473
61 53 0.8552467874695409
26 49 0.18530092831569914
59 56 0.8289694532950516
74 94 1.03814878735076
41 36 0.6420709944367732
54 21 0.6930602287859979
5 52 0.9732286343687122
17 100 0.4835789967902021
25 93 0.4199549515046921
89 31 1.0756244165224187
97 0 0.18821902110150793
2 5 0.27990369324436104
60 17 0.9420469216896078
52 14 0.28030276875671767
50 35 1.0158943068417192
47 80 0.44349560026014834
32 32 0.37632950628150363
94 69 0.49152335865249575
42 15 0.34269034224119266
12 94 0.8091116623052204
55 98 0.4532135403649846
4 82 0.3310816151452982
86 24 0.8500990879772374
74 9 0.8998020045568096
36 16 0.5567955907407844
63 41 0.8929184932311651
28 48 0.5609962403539241
56 16 1.0898790830894227
66 17 0.23921907175247428
61 88 0.48786480415491684
80 83 0.8466655944776595
61 72 0.47858673604534896
21 21 0.7880431718385262
40 42 0.44126349838292
16 0 0.8180873024409382
23 94 0.7274918830511996
34 96 0.4133453930358584
59 38 0.7047136381726077
35 58 0.11248960977441205
10 92 0.2952753096750237
92 43 0.6655167426805035
6 55 0.8703327729690726
36 87 0.44417398845666733
96 2 0.9480700792071569
63 36 0.846886035248977
9 22 0.6342016424649487
55 80 0.766440732568013
21 84 0.3154045446206073
61 7 0.3512965298218922
66 62 0.9116119448047805
72 76 0.5505869880381987
47 64 0.525400645611306
22 30 0.5645840804124173
90 57 1.0318472354717811
18 0 0.8634176022265994
52 3 0.4270754648619015
6 20 0.7198554167148933
46 12 0.7682914087263756
31 77 0.5515359302455622
45 91 0.23024929237213823
90 49 0.8221334966967331
45 27 0.3481803865917936
17 97 0.671259603773818
85 76 1.0968206002624281
33 40 0.4826501541331465
80 53 0.3387700996550933
46 49 1.0414477172124117
85 91 0.47461900547726865
37 10 1.0319351130495296
96 65 0.2514074483979394
15 25 0.4993316091070129
96 74 0.825527374811476
90 2 0.4276922372898896
55 29 0.8528380893330576
77 35 0.8726969840446592
91 45 0.8645789946936231
77 100 0.5599430104049388
29 13 0.9344304301371245
99 88 0.9041376265375501
43 38 0.9864322426144141
77 5 0.324579773580849
1 32 0.5404586198837558
38 59 0.6017920291706187
31 91 0.8338614108733673
8 78 0.8865803920364367
35 42 0.2923807130138406
73 80 0.37627682806534746
48 70 0.7751190739791382
91 57 0.33171281933486185
1 62 0.1293766721332438
22 58 0.9844841926496787
24 1 0.3299052010302884
9 67 0.5723243053340837
45 75 0.6690081265028602
67 39 0.561597371774138
47 67 0.8200976385714522
17 84 0.35831746854901425
56 51 0.3023856461257488
61 86 0.18380040014573454
64 73 0.262008093394288
34 63 0.4771564519357131
54 15 0.8676969975397717
58 56 0.42053656721205845
6 29 1.0475850406356284
92 47 0.17849718135466278
17 28 0.2548224035066391
53 37 0.811776012678576
17 36 0.26584162102341136
35 42 0.4898645078986099
24 89 0.17578335406544102
57 49 0.21274876140558077
26 5 0.5014760324067511
33 30 0.7695692439582515
78 10 0.8143189411892756
89 58 0.5605249343666073
34 62 1.0678413368598145
21 66 1.071679410863633
43 91 0.2868627475680223
34 7 0.7776786233530363
72 67 1.0223481085269912
39 47 0.9995811212639035
92 90 1.0078320916855767
85 9 0.8464976115342239
10 73 0.41509573617875184
25 50 1.0710010424661862
13 99 0.5890112688730631
9 91 0.28074825766129774
53 80 0.5897641979648266
76 80 0.6105148026195836
40 93 0.6579821724472572
0 26 0.7656089704876741
86 14 0.5020472714707866
57 18 1.0576084704255324
47 75 0.6328148107305503
54 52 0.8097949232447529
52 20 0.5149631796511426
34 77 0.8332895838837017
54 43 0.9563865488126615
59 84 1.0975605273980922
34 15 0.848191589754907
93 88 0.943645520076311
62 38 0.5415001769179184
87 7 0.8483776316707295
78 88 0.1944255263654832
79 48 0.9811996571991438
67 41 0.9486773171355966
95 8 0.6488017974123281
42 18 0.9264414342014698
21 10 0.49414307501508037
100 30 0.10418618885412403
14 11 0.9543503101988173
74 27 0.31123859162311784
0 76 0.6544176801386171
82 49 0.2627606025865411
17 3 0.853229945286249
57 4 1.014292436536004
22 10 0.9302892334613244
46 23 0.2718606298012478
48 32 0.7552789752064885
17 13 0.49323358154476504
97 76 0.341064929955171
13 29 1.07598256660098
45 3 0.9869037766896298
4 36 0.20951485875752598
28 36 0.8044532028486004
58 34 0.3281354814405837
51 20 0.916915178872678
44 19 0.5954968469105756
55 32 0.3127385241149556
57 69 0.5822935569221933
30 58 0.11543396376414652
13 84 0.5578925785853791
76 72 0.12421533892483907
92 2 0.8121683884600345
87 61 0.5465075518652219
74 25 0.5933577568843935
79 34 0.261936521507783
60 19 0.49383530551045873
76 69 0.6355091300190682
31 3 0.9406100312377937
23 75 0.3024952623335573
82 47 0.9666774278895744
2 35 0.8477937914329452
50 67 0.9251527846311146
77 37 0.7464160514100386
53 99 0.7818869326509295
5 13 0.4742002915060244
17 37 0.9147900601290201
7 51 0.8793170939793963
97 70 1.0756413272038818
33 20 1.0683356378031246
49 7 0.11268428242846176
29 8 0.564128999459503
45 59 0.40115542245081426
59 25 0.8740636511760347
15 23 0.15677158257311444
8 68 0.1736174009031746
7 91 0.3444109426895934
80 11 1.0319601890248011
76 3 0.36390369468577255
40 44 0.7262235482054378
34 0 0.805963435008898
29 61 0.7691044016713171
67 59 1.0201834576962556
89 86 1.097314346490152
52 21 0.1889632073326946
35 67 0.7798619588435882
28 38 1.0519817588488305
98 60 0.8418516008334032
54 56 0.10673325372720857
45 43 0.9632198468282142
27 86 0.3127244431079754
83 83 0.45532120072361804
45 34 0.43263402213665747
93 86 0.23777994481831546
3 4 0.2407628488676761
2 86 0.5840257385961126
29 27 0.24134626144020113
93 30 0.4814770737153232
6 97 0.6433382572048004
91 65 0.56243538351142
38 40 1.0416364023672904
66 93 1.0038834825238336
36 22 1.0802686488947064
18 75 1.0281154885209496
32 74 0.29159258588870063
2 8 0.9596627594164857
34 49 0.44417704478222986
31 83 0.7994888844769168
70 35 0.2708024381426559
39 25 0.46672124826009476
6 51 0.41693113396147696
38 89 0.58359256171523
39 23 0.6270938990944878
73 31 0.8644882077738681
12 0 0.8177080920860348
91 74 0.1728709227722182
25 98 0.10048778327535293
53 17 0.9336505799780804
58 87 0.46940428873537055
23 6 0.20864060344281646
20 94 0.9013246585918125
64 34 0.10234398674469927
34 33 0.8555539139082499
54 10 0.19285048460769164
0 74 0.734164747877854
7 88 0.7119125212482976
65 11 0.17252924974627373
13 38 1.0597526003766096
25 81 0.7962492512677146
4 32 0.7712395879803968
12 42 0.8354733364710616
4 16 0.7625063577782535
5 73 0.23352493395865684
42 72 0.8061695910431879
99 69 1.0789501621302595
92 96 0.7874010316183684
2 87 0.3288949503763209
41 9 0.3191705651791088
45 57 0.858131503388478
100 96 0.8121745534370022
23 19 0.507184388899875
67 91 0.10580324781374209
39 75 0.8012793653904691
69 0 0.8697291076042718
75 48 0.3470697340356509
23 76 0.13021383486492713
35 69 0.7195325609364914
39 84 0.6741470329566852
66 34 0.5824824736022473
98 69 0.642935767052206
75 50 0.7671309755486895
60 78 0.30875410198449804
67 69 0.8393439874111741
82 38 0.8286431019506801
51 84 0.9203109197503971
41 65 0.8434493704028553
76 96 0.8654083629434954
98 43 0.11342954222179538
48 86 0.542776299053928
71 13 0.40245418448600245
16 76 0.548074116780683
2 71 0.5545712806368324
43 14 0.8642693878293717
17 32 0.7119391804066609
13 42 0.8123227974155705
9 37 0.5036211735134787
22 73 0.6989593798489578
61 85 0.2989767305525758
76 91 0.5122923375515879
62 43 0.7951779283092035
36 54 0.9498262846703677
43 90 0.5037580973002744
71 73 0.10179590863313584
31 11 0.3402863532896355
17 12 0.3194279231108902
51 80 0.2595077602192313
16 92 0.2972016694022841
57 21 0.2764347591141124
27 14 0.9381316117300715
8 3 0.6209941270512104
75 89 0.3412233225574235
30 81 0.4184749752934387
30 63 0.5750460769549961
35 8 1.0952446021370859
67 68 0.6582119744221719
66 57 1.0621236365321605
68 85 0.825142220907779
14 21 0.38240436815995127
5 57 0.34367601310483054
74 71 0.23640758909969475
99 65 0.2653113180818618
45 93 0.8371539639440566
70 83 0.6992759742270444
78 1 0.5069137312144043
53 36 0.730788584093629
48 6 0.3818038415599885
76 56 0.6179767228246329
60 49 0.13264959361186293
90 62 0.5984792699087147
72 42 0.14487331740139756
37 83 0.39147117922363006
76 12 0.7942565410247084
35 36 0.8269555087240956
69 55 0.4710264790698825
66 67 0.39187929821126155
33 66 0.7830761965234149
79 73 0.2854836232067721
34 95 0.2851016480994477
5 51 0.7385671907159578
26 33 0.3729556458626707
79 93 0.5136546602707742
55 72 1.0293395839131187
37 64 0.9932375969789072
79 74 0.7350818015237606
53 56 0.8498110920528336
48 26 1.0556442422946914
35 23 0.3768600023287003
4 11 0.7262497668803695
39 4 0.5647388232809902
48 3 0.13649861120493037
68 6 1.0055146535957207
92 39 0.5388238000796878
50 30 0.9998416381766299
39 96 0.9270098445149462
12 62 0.35339796572215765
57 81 0.39923256248275796
86 96 0.8088054729599068
1 63 0.18455268640519387
69 33 0.6250740915327867
30 85 0.6481876278035021
35 78 1.0571836186090393
87 78 0.4523029021558743
71 98 0.31805418238287386
87 61 0.4269341950252712
99 39 0.19306509276215092
78 30 0.9021525001718684
59 25 0.8723832100997837
18 28 0.2922763871896833
89 54 0.992355973702735
38 94 0.36209163342374306
40 49 0.8388277568180131
88 30 0.6685375270370931
100 52 0.20708722013340056
38 59 0.9433218926936998
64 81 0.530442027183168
5 16 0.17436530642610418
62 24 0.408156636097185
74 33 1.0370676292842715
54 100 1.0549919007392106
3 73 0.34571634999872647
60 51 0.7016745830129723
99 88 0.24567238747285516
83 30 0.2302533234899781
51 84 0.8673348597192176
26 67 0.3309034232436704
41 93 0.5491921339957061
51 93 0.6495452322988737
97 81 0.6785300197835106
44 10 0.4386860940712275
33 65 0.5976316055005668
17 1 0.29625231597054513
12 41 0.5619893706742777
56 12 0.2582302900938338
78 65 0.21080638723843118
100 70 0.48816094468482896
26 74 0.154037027645524
90 82 0.8476499661208099
75 72 1.09440663927844
19 17 0.8823256351832385
51 38 0.39730037689535835
69 78 0.3805183362477442
20 10 0.7026768052368816
49 61 0.2532155859123877
17 100 0.9019905377564783
73 76 1.0626523229344202
27 84 0.20225785891136253
76 63 0.1912377782078424
76 61 0.618663893147241
52 48 0.4581883530487232
81 9 0.2898820626222961
98 72 0.6541799185791082
50 7 0.42084952029922584
23 22 0.43570884520522013
92 9 0.3690813260523482
98 3 0.9889434607356158
51 88 0.4202992837145221
33 49 0.8886049852673206
81 79 0.552341238934655
33 66 0.17545796983279296
44 39 1.0201653804778577
52 55 0.6204653731707407
71 66 0.8757881583005243
82 37 0.15582646946604042
88 46 0.47170014012018446
38 49 0.246225893608133
27 100 1.0253745407911266
46 95 0.8704778007805841
64 65 1.0059210732634047
25 59 0.251703125479926
32 60 0.4759644960349604
4 54 0.4835349974058569
45 32 0.6186795753241965
79 92 0.6139635897093533
84 68 0.8426294324088446
87 44 0.7218647907633087
47 2 0.3020221988742614
94 17 0.9198659089180383
29 99 1.0424303062088223
31 63 0.7681924349562282
22 53 0.7880514146945989
19 31 0.18283476909010513
75 77 0.4067620482708936
78 11 1.0516713765176822
59 11 0.8740948519396108
28 89 0.17286126392646076
68 12 0.7450126412373235
37 49 0.7722620827305797
1 61 0.2786963955779703
71 5 0.26770076078412053
56 39 1.0179537470530808
24 14 0.8073686097538615
66 81 0.860861703075571
36 63 0.7939427489079534
48 50 0.14664797517978403
86 97 0.22809201839249507
90 45 0.8260474391659482
70 32 1.070154781786809
16 3 0.9912902167883643
25 51 0.4343242050917224
60 71 0.13546388035290705
12 34 0.4303815814594909
72 19 0.21561791132821587
13 84 0.10084334605369108
48 18 0.39060809009205955
78 62 1.0144347544859724
65 4 0.15110510605389796
62 76 0.4268652084603086
22 30 0.2256290083595668
8 80 0.9208853020114469
55 83 0.7260890403415515
68 5 0.9481931924646558
27 24 0.4355082986755835
65 23 0.7771943970708772
65 33 0.8594066618637111
89 80 0.2736511729759731
85 78 1.0459587951036446
96 1 0.5974048112587435
30 12 0.2404230940965775
33 65 0.9043227232583764
11 96 0.9655754866189288
43 30 0.36544467633603583
45 27 1.0012974008881557
1 37 0.130660662593617
23 50 0.4075101902319115
7 13 0.43930698669461465
47 27 0.3524584699695489
46 31 0.7805123410499253
38 80 0.6394855977601621
94 3 0.2492942409397755
6 40 0.4581514597619004
2 75 0.2620927049911346
96 58 0.5414281558171217
69 81 0.6271296250150867
29 18 0.23827162718366526
67 22 0.5297877430724489
5 71 0.32890295102111233
41 77 0.9367072489001657
65 58 0.29011742583610867
22 93 0.5113724930992182
15 71 0.4922374054392211
16 28 0.6224103585088604
99 40 0.8235370778900301
43 85 0.3894063592054384
66 39 0.9251399059027249
61 27 0.11156078654438276
24 40 1.026949113581896
13 5 0.8602026152043181
18 92 0.5181836821336137
42 75 1.01420895907199
74 87 0.6278528704646986
51 51 0.9972599994294523
5 10 0.5617347115995892
82 74 0.3053829556269656
4 11 0.7873996088501877
48 47 0.549015498444524
95 55 0.4904106855989313
25 59 0.8290211356961981
70 34 0.9199167967613067
39 38 0.7034247992331145
28 88 0.2698123774568294
46 2 0.23014364023851322
1 7 0.5059473955460042
43 64 0.1767129958333095
58 41 1.03598690455772
70 50 0.4411076997694088
53 51 0.5274926578932898
15 18 0.628802102499745
87 98 0.42419243266547946
83 34 0.2829100712664848
94 56 1.0248359024488738
62 25 0.43611583607945204
90 61 0.4037005010728728
76 17 0.3288886047117382
8 19 0.9061539949857671
4 78 0.33854993590421534
30 81 0.8096017085674669
85 59 0.756700785549667
23 19 0.5615912035980636
57 90 0.4856503816591101
27 33 0.20733931728609248
88 100 0.3371760710065834
66 78 0.19122392867712182
0 45 0.2846795663796492
95 21 0.8304868168842501
14 60 1.0239157119453655
54 92 1.0490591564614589
81 38 0.58393443429371
26 52 0.4919505794676532
66 18 0.8741719457855738
48 50 0.8257678956870104
71 2 1.0736424258796848
67 62 0.6216168250559386
41 61 0.5275931271699718
67 37 0.1493280585792708
43 70 0.5193424787261054
74 4 0.7540382771839415
12 80 0.646880752891654
25 32 0.19782473916259916
5 38 0.40989216889182856
82 72 0.522594032953133
27 92 0.6224344110293464
56 60 0.3975186779995822
65 89 1.0643702180720067
36 91 1.0359548786827923
60 48 0.8950127916571414
68 37 0.6956331206678592
98 52 0.8468269797639851
29 26 1.0408104358678247
40 27 0.6781816547151132
83 98 0.3345475215803415
79 7 0.45579435040615424
15 10 0.9751896221273714
84 35 1.054613171648139
24 48 0.2657489409635576
73 77 0.569992579894042
96 21 1.0167647066084315
88 14 0.6955654910312294
86 5 0.9871026599767065
29 5 0.24493270993066787
7 90 0.38644035555800893
16 87 0.32890730604400753
8 18 1.0210320767026526
56 24 0.6088516421178088
85 48 0.23976005839769346
80 17 0.293696477299883
42 67 0.737611438080554
40 70 0.7875515550341392
76 6 0.970223913921507
15 11 0.10057299001610845
64 81 0.3430349441493794
85 20 0.4012988122979897
55 19 0.563176755073899
57 80 0.839215041267221
76 13 1.0735382320936027
52 26 0.27867298677639607
62 36 0.6088720002681393
95 7 0.4862237775783237
53 19 0.2723863730332404
32 70 0.5733661657909137
57 83 0.19773169976164098
71 52 0.15823085281484098
58 65 0.6553429914115353
51 27 0.8974779646563024
6 76 0.6140416955899997
58 62 0.3383715410913567
61 73 0.8036201158132937
43 99 1.0655075098337106
40 75 0.3337479609695453
87 41 0.8633266608443693
92 70 0.45802699443640804
45 11 0.35773317303658514
27 9 0.6643968004124554
11 82 0.621249701647539
26 31 0.652358578812475
21 94 0.9321535321802407
35 25 0.15948892072799817
0 42 0.9507766522592758
41 86 0.8013132930729538
45 62 0.1645124368730553
51 95 0.8746197666888746
78 93 0.5669781217058681
72 41 0.9644744671397906
35 59 0.7820749619167019
65 83 0.4309545286218821
71 36 0.38880674065502807
42 6 0.31359457822559944
82 3 0.19682165853142122
17 71 0.17732355342183084
57 19 0.7914561577700646
68 90 0.23627456870686317
86 2 0.8206387112734361
85 68 0.43699245223722893
67 86 1.06381853250071
67 5 0.9208684023616928
46 28 0.10670401729655657
67 26 0.8709523678617648
51 20 1.0936965847256268
81 32 0.5897442232035011
24 97 0.8315588046316633
