67 99 0.132032790944183
37 53 0.6651574129288573
6 32 0.884147802099229
12 38 0.41775065978761927
63 30 0.15732663788802273
12 44 0.25476360889400484
62 88 0.36909630421106576
1 76 0.878010552946535
89 4 0.9926304182593674
92 44 0.463727455708684
37 98 0.5494278680130859
98 53 0.31917648351854877
49 11 0.7069267098951402
14 60 0.6740134655006361
55 40 0.3083298888093504
84 37 0.3577445495948709
66 57 0.6975029878843048
64 83 0.82632113321553
51 75 0.740777788612771
4 22 0.8655695435216972
6 84 0.7273541763570103
94 47 0.22700583020896595
54 52 0.941274195157874
77 21 0.8191709436154296
65 65 0.6577959818928607
32 15 0.7815419293953031
46 92 0.7279321620467337
94 18 0.7479217800900673
10 55 0.8362792553294934
5 42 0.36881310472071804
16 56 0.7416517028419553
22 100 0.9870579222434878
97 97 0.37398238395535566
98 73 0.5352678089454401
29 56 0.22017179452852523
14 100 0.8599679989931722
67 79 0.753609961822866
96 56 0.37563008533844555
7 35 0.9260339135396533
13 89 0.5470556729156787
47 34 0.8297656996974241
73 66 0.815321376106574
54 16 0.17636149484256072
75 0 0.3350426247141356
21 10 1.076902038100393
63 10 0.17149981955396834
16 31 0.10080065647727524
85 75 0.34330105970775027
36 77 0.8019881402683628
5 44 0.6922645624078236
76 32 0.38495929948776586
98 76 0.816386683608615
39 70 0.8538780481304475
76 41 1.0300259425138227
61 77 0.8698186723087723
79 7 0.6035336388969718
81 59 0.25600136662827755
12 56 0.7184044791812287
11 73 0.8774090984597648
4 85 0.29717170798222536
28 85 0.8211578407152905
7 27 0.1747917509005368
89 0 0.5539234591522731
67 83 0.11302145291921487
25 86 0.20190078632175004
40 48 1.0262556396993365
15 7 0.3296215038734528
39 32 0.17936250108891397
86 43 1.0323716629926951
44 79 0.5373276245050426
30 3 0.15777617652407863
43 93 0.46702029679238466
52 36 0.4219607566974094
1 20 0.1031831602253819
93 85 0.675860102682065
1 52 0.9604993561291489
80 75 0.56004369215163
87 83 0.6202757071246782
59 69 0.9865499722375608
63 100 0.3073595454679128
98 18 0.2605211194336673
95 28 1.029854729575631
82 31 0.9333875497550312
46 55 0.520879701710026
70 21 0.3266711809419882
52 36 0.46886228173090894
18 100 0.5390782529178162
96 55 0.958949101771114
4 42 0.7180980709636954
91 59 0.5295720293549547
31 80 0.9140540149621955
74 68 0.5825898954523702
31 95 0.309024617496123
51 20 0.5250129862822918
8 2 1.0705985583701532
12 32 0.5934954015909732
87 98 0.48709686709615996
42 30 0.1797420404262489
46 85 0.7905850481752064
58 42 0.7141493669415047
47 100 0.4834053184086854
72 20 0.33121402809476785
20 25 0.9586765846308776
81 86 0.2512041520850824
1 72 0.5381842874714765
78 18 1.0139083568017546
14 22 0.8777820461686119
2 49 0.25865280494873233
93 36 0.5470043028230157
41 63 0.5481658386817765
78 6 0.41771571033021704
94 46 0.11025726873249411
21 67 0.9676772717992912
83 100 0.71388924196828
93 26 0.8413050536673453
70 97 0.7950453211418108
95 86 0.25157510149200935
24 98 0.6253199954638494
81 97 0.6987894629417962
71 18 0.7282839828832689
90 94 0.650758794645989
86 61 1.01073571649853
44 69 0.3879916467730685
17 96 0.3889857926742878
36 30 0.861329432423233
37 63 0.6762277317873644
52 84 0.8761368396636756
30 90 0.6944893667290228
15 57 0.4020549345724822
41 91 0.6605346014746158
22 44 0.8431441942863431
100 9 0.5872577136484733
38 66 0.321262470806443
14 46 0.8830311685261514
83 6 0.8267164344428817
93 4 0.9276432742700954
80 44 0.23365488808456306
8 22 0.23728856474739182
89 52 0.8625342432040205
34 14 0.13009374807346655
50 13 0.9924729362130754
59 68 0.8775287972546888
24 74 0.6324393804602344
40 74 0.3505947504222954
57 71 0.8357366564463053
86 92 0.4676883237566797
29 51 0.8394134866136834
48 12 1.0911098315352523
66 25 0.22509126343373356
5 47 0.7622364087847826
3 42 0.9931470724006978
50 95 0.14422121512423228
45 4 0.2821821710185328
1 58 0.7857852773729236
18 88 0.2111468252226764
31 73 0.7974000346927347
18 69 0.3832263941122821
24 65 0.4967036011958832
8 78 0.8896770221258697
10 49 0.6112405462458804
19 42 0.7429267854152763
76 95 0.6674745164683993
60 51 0.8729496717477263
21 70 0.8103349099238659
16 20 0.8985290973313719
90 86 0.717168751863391
71 42 0.2351676009518632
3 33 0.980714894970475
62 89 1.066020508796773
78 66 0.2875309054646401
58 29 0.13729177137785023
79 90 0.6473657540247657
69 78 0.9067968004965238
78 87 0.6746089902000961
78 69 0.2512256648250921
52 19 0.8149488625844791
25 64 0.6614888379220494
26 65 0.37329595187629827
45 57 0.29583658030373117
63 80 0.8355020612286914
97 83 0.42352628930916436
11 6 0.3152760717696097
17 5 0.48524495589187855
23 86 0.2819323194897265
46 56 0.6877906747556426
97 17 0.5824855864193546
29 64 0.20286876354737884
6 11 0.44138471866409834
38 18 0.7642231954385963
8 12 0.22572245816479178
88 90 0.4305535492494026
41 14 0.9971479735471536
85 33 0.6144421170043599
9 34 0.12837815502926522
24 19 0.30111253461106846
12 21 0.8397749697243774
18 31 0.6708474829676144
43 8 0.17647131228619897
92 51 0.4278170006720172
16 30 0.4570055532255386
47 62 0.81907571795463
29 49 0.9260954052847151
82 64 0.4389549970366702
57 19 0.3333887157471144
67 50 0.944532934008387
27 30 0.6765990437934859
73 51 0.4811286619289804
51 56 1.017518847636128
85 29 0.6459423643915007
4 83 0.9861501679974868
84 21 0.6194685614052489
2 21 0.7856021489241423
48 70 0.12721345619009686
48 78 1.0387066071210487
38 32 0.8991669825219426
27 11 0.28278704805546273
82 68 0.6810535554756337
39 26 0.2215775158908231
75 56 0.6830379952928083
79 12 0.3292462689736426
89 60 0.4505485675894403
53 67 0.9847585212719574
89 88 0.6704647765128928
80 23 0.7833204047968555
93 49 1.0421100853870846
6 63 0.1518264657286104
88 15 0.44902147099170275
98 84 0.4821728637829452
13 18 0.5915984724858888
45 100 0.8143001663788443
34 57 0.7116258503693321
51 97 0.6256362461297575
13 51 0.974130056112288
23 83 0.2847274520318691
92 36 0.2833786005108444
86 9 0.4325276557662816
33 34 0.36007638691108135
40 88 0.47443577681443716
60 93 0.46117195833267144
12 97 0.5601636090381567
29 1 0.7216290278869283
42 41 0.3067953803121565
94 34 0.7970844297214348
69 61 0.32060113257432155
53 56 0.8370418842034492
72 9 0.4593696622820511
64 35 0.8938145849223917
88 26 0.6008557580316713
52 16 0.94587385488273
97 76 0.3329779349901869
37 8 0.973501172120824
8 9 1.0982178901499213
57 15 0.4975368877877775
48 34 0.34962775128740164
87 55 0.65702236954568
10 47 0.9998238676898771
61 34 0.988085204161132
35 18 1.0032112908750521
51 11 0.1092670126082306
79 56 0.9363368259466217
38 79 0.48206005426950604
39 74 0.8333962134033183
35 28 0.9404788607172802
83 76 0.5447159794779108
81 99 0.29579815910544127
41 60 0.8452694155067145
96 21 0.13572147696801043
66 92 0.10413445082081443
4 32 0.8601631255334851
7 44 0.7015995227738879
56 63 0.6797168332488344
41 7 0.7578609302306395
87 32 0.4238058980386278
46 74 0.5708249759706371
79 68 0.27647287758794536
29 47 0.3344865508770335
70 64 0.237362486469375
58 80 0.3373574859467958
39 76 0.9365696577321037
81 28 0.4964725721571531
26 15 0.9226909234678168
81 44 0.9112382822479863
69 10 0.8016163345644294
88 38 0.43268639808497666
24 18 0.1115955619190672
26 89 0.5685118918583982
4 87 0.3665248157329287
43 38 0.599079027369816
36 24 0.2835685296221261
8 45 0.41435500360022337
5 63 0.6462278197871341
91 88 0.7473495402781218
63 54 0.6789504239726016
98 16 0.7112791186516553
4 39 0.9394269934734762
71 43 0.8317786161065837
68 47 0.6178033942621916
12 21 0.1823667633189822
5 61 0.8722417565367748
79 19 0.2610653234106005
14 41 0.12437113461994978
23 66 0.9583347986958402
94 91 0.5445623452359495
53 44 0.5331193547283718
50 92 0.6067712034700512
92 70 0.19578035436327548
24 69 0.5011889160299693
96 97 0.6715914270601451
92 75 0.5927732720497565
90 60 0.7926817561792733
61 94 0.3594881128977391
82 97 0.6413502774065067
35 15 0.28068361068389514
40 61 1.0138518546027198
31 59 0.6912672995840723
100 60 0.9982318297681355
25 78 0.23516456467956418
32 46 0.7001880167180539
95 20 0.887868476963863
55 30 0.8244931241581683
56 55 0.7446406692698462
46 99 0.772544980557401
54 45 0.44812229130229786
34 5 0.371817331345634
48 2 0.9814865872000695
23 10 0.3758616240525312
79 52 0.44649583146448013
39 68 0.888769804589901
64 61 1.086544883910828
64 16 0.4255464198534449
99 90 0.23625088443749145
40 6 0.2844559774199784
5 7 0.447687546655296
6 93 0.7501244801318689
50 66 0.5587464354671912
55 80 0.3122757895490176
17 73 0.6705954971240398
85 52 0.35247628111784957
36 25 0.5929239114854803
36 71 0.15554706302837343
59 3 0.6253398229469094
92 10 0.43640054245454274
50 83 0.6148365207920895
19 17 0.31811181979265013
59 56 0.3420772384432884
65 53 0.4815698843878228
97 85 0.8966220365030388
83 59 0.6537292145120851
9 42 0.4381743172278133
53 87 0.2361624713330154
31 7 0.23377713664944902
44 41 0.22020196430626074
89 84 0.9900128827177627
15 64 0.9246284997663702
7 76 0.6155880207204438
84 23 0.3110390167145993
13 17 0.3027467386688578
91 78 0.4718383100120168
73 58 0.9487159925260974
64 0 0.5568360317328426
37 99 0.2593047186949662
99 22 0.44786970100264845
65 26 0.2781049038053155
58 60 0.3068709314713156
10 12 0.8735964302953413
90 78 0.18708723879609648
66 28 0.39722403635051917
39 93 0.6931939227760492
94 98 0.33184086276913394
27 43 0.2543040452203751
66 43 0.6949110037478606
27 28 0.7208431505981879
14 89 0.3476145205412201
87 17 0.5730192642579335
51 26 0.968208874484222
50 40 0.2254534292692744
57 40 0.7467503804231049
24 91 0.5344552434378458
85 67 0.3615384570432293
28 71 1.0856508468432096
38 28 0.49998167770989976
34 83 0.6345001999068909
80 41 0.38539768622294857
22 92 0.5083782511126775
55 30 1.044902071444384
81 10 0.5265160025061493
98 71 0.3393422513254588
97 97 0.8483099686943106
51 74 0.8141280889548645
56 89 1.0088071678057453
80 38 0.9382007096963776
98 19 0.788866427641104
8 39 0.21495492219229675
31 35 0.37805737970782727
8 14 0.27280980665306476
99 94 0.6510545946095181
56 32 0.6947105701236935
85 61 0.35642569360686804
72 80 0.6039461635833264
35 39 0.18032549531790457
42 85 0.3064941977304957
82 91 0.4257261906615756
47 20 0.9996932280487406
31 96 0.939337086846624
63 50 0.8154748041864619
41 19 0.891248577644773
34 54 0.4167925459742239
70 14 1.0378973355146797
6 82 1.0804790460936013
94 77 0.7819147235323822
78 46 0.6042735225779847
64 40 0.605201909986709
24 37 0.2826775672468256
97 71 0.8224260105202668
8 100 0.8536147555935207
11 24 0.9102480930346799
77 7 0.8099580833851268
23 44 1.0357360496270778
71 72 0.3646034320320798
62 26 0.18838856500242276
100 79 0.16953648300489935
42 2 0.1566644748938221
55 56 0.1382192807047339
76 37 0.6276940426307765
43 37 0.574796219868683
87 55 0.27178185028985136
29 68 0.15527124892740576
2 49 0.8108634171336214
99 96 0.511361393005754
50 31 0.22169854056025143
94 52 1.097249013286971
4 33 0.5233944321475958
31 22 0.7359955030457943
79 12 0.8977257096801795
61 79 0.9192877061852823
21 94 0.4647452509533695
89 29 0.6476814025013734
10 35 1.0914484663383166
63 55 0.8763798131007301
17 78 1.0452553620895795
20 45 0.7031871145672355
66 36 0.5378784385012175
94 100 0.21136685212220455
48 55 0.7475904545015952
4 30 0.18160928025246206
88 33 0.25808853496340833
11 78 0.25488114931348915
55 47 0.6801908314327273
9 65 0.12159301982887041
12 51 0.5690699573674616
25 90 0.6168574995764611
58 6 0.7284152500559415
23 58 0.7785186542720316
79 83 0.41040241138178934
69 4 0.5159460502199523
10 1 0.6679678401749426
34 86 1.0086923988037226
44 30 0.19459668252432075
54 49 0.17455518093443925
36 25 0.9493818828649655
55 52 0.33978417499621527
45 32 1.0297258791738375
78 30 1.0786966137282596
89 34 0.7194059583032604
80 45 0.47953894777248784
68 2 0.6242428383436921
94 78 0.5612303995350109
63 82 0.28788480203596145
65 12 1.0966992491970242
72 25 0.1538490803080466
71 11 0.9141024964289521
48 40 0.5376108154311435
94 32 0.1448899045685809
90 65 0.41954548112488377
69 7 0.44859148151919526
43 75 0.9910046797085524
73 21 0.5489849214419898
69 77 0.6931725274673197
52 6 0.1980750774557141
67 79 0.24626786118569702
62 61 0.5514486374120617
56 88 0.39877670423448675
8 84 0.9768676139803053
15 62 0.5291735401906613
24 74 0.9890944940167514
61 69 0.4673073141576459
35 88 0.5886331132263376
67 48 0.787807436586958
51 57 0.4515805973809063
27 67 0.14816578734663746
68 35 0.8439177473383692
88 63 0.245638124329448
16 60 0.1972497830857364
88 21 0.3079145023453559
12 96 0.4299098129014448
89 57 0.5236429209536393
53 48 0.812536973663456
24 44 0.9293988532846799
61 72 0.31067316466569017
4 95 0.9215061207153604
